  -2.9101574e+00
  -2.9100522e+00
  -2.9099169e+00
  -2.9101933e+00
  -2.9098683e+00
  -2.9101519e+00
  -2.9099573e+00
  -2.9100581e+00
  -2.9099937e+00
  -2.9101208e+00
  -2.9100663e+00
  -2.9100605e+00
  -2.9100535e+00
  -2.9099553e+00
  -2.9101261e+00
  -2.9099686e+00
  -2.9101564e+00
  -2.9100397e+00
  -2.9101248e+00
  -2.9100535e+00
  -2.9099577e+00
  -2.9099531e+00
  -2.9100621e+00
  -2.9100729e+00
  -2.9101156e+00
  -2.9101579e+00
  -2.9099583e+00
  -2.9100439e+00
  -2.9099580e+00
  -2.9101562e+00
  -2.9100327e+00
  -2.9100566e+00
  -2.9100559e+00
  -2.9099617e+00
  -2.9101539e+00
  -2.9100085e+00
  -2.9102424e+00
  -2.9099545e+00
  -2.9100565e+00
  -2.9100424e+00
  -2.9100413e+00
  -2.9099701e+00
  -2.9099922e+00
  -2.9101420e+00
  -2.9099578e+00
  -2.9100357e+00
  -2.9099555e+00
  -2.9100466e+00
  -2.9100541e+00
  -2.9099872e+00
  -2.9099561e+00
  -2.9101541e+00
  -2.9099610e+00
  -2.9101667e+00
  -2.9099545e+00
  -2.9101600e+00
  -2.9101515e+00
  -2.9099541e+00
  -2.9101404e+00
  -2.9100582e+00
  -2.9101355e+00
  -2.9100030e+00
  -2.9100546e+00
  -2.9100789e+00
  -2.9100314e+00
  -2.9099013e+00
  -2.9099571e+00
  -2.9099770e+00
  -2.9099995e+00
  -2.9099970e+00
  -2.9100029e+00
  -2.9099894e+00
  -2.9099568e+00
  -2.9100536e+00
  -2.9099566e+00
  -2.9100569e+00
  -2.9098836e+00
  -2.9100590e+00
  -2.9100856e+00
  -2.9100577e+00
  -2.9101587e+00
  -2.9100138e+00
  -2.9101091e+00
  -2.9100546e+00
  -2.9100579e+00
  -2.9100557e+00
  -2.9099981e+00
  -2.9100265e+00
  -2.9100564e+00
  -2.9099580e+00
  -2.9099203e+00
  -2.9099716e+00
  -2.9100357e+00
  -2.9100316e+00
  -2.9098587e+00
  -2.9100259e+00
  -2.9099570e+00
  -2.9100573e+00
  -2.9100141e+00
  -2.9100554e+00
  -2.9099559e+00
  -2.9099827e+00
  -2.9099564e+00
  -2.9099576e+00
  -2.9100539e+00
  -2.9100549e+00
  -2.9099570e+00
  -2.9100594e+00
  -2.9100589e+00
  -2.9098562e+00
  -2.9101545e+00
  -2.9100972e+00
  -2.9100593e+00
  -2.9100174e+00
  -2.9100553e+00
  -2.9100307e+00
  -2.9100577e+00
  -2.9100324e+00
  -2.9100048e+00
  -2.9101568e+00
  -2.9100125e+00
  -2.9100577e+00
  -2.9100165e+00
  -2.9101577e+00
  -2.9100642e+00
  -2.9100521e+00
  -2.9101529e+00
  -2.9100589e+00
  -2.9100962e+00
  -2.9100546e+00
  -2.9100559e+00
  -2.9099571e+00
  -2.9101223e+00
  -2.9100553e+00
  -2.9100583e+00
  -2.9100486e+00
  -2.9100524e+00
  -2.9101577e+00
  -2.9099573e+00
  -2.9100662e+00
  -2.9099549e+00
  -2.9101561e+00
  -2.9100087e+00
  -2.9100119e+00
  -2.9100574e+00
  -2.9100590e+00
  -2.9100350e+00
  -2.9100531e+00
  -2.9100558e+00
  -2.9099644e+00
  -2.9100998e+00
  -2.9100532e+00
  -2.9100595e+00
  -2.9097562e+00
  -2.9096771e+00
  -2.9096565e+00
  -2.9100382e+00
  -2.9096643e+00
  -2.9094722e+00
  -2.9097504e+00
  -2.9103256e+00
  -2.9097009e+00
  -2.9118459e+00
  -2.9109413e+00
  -2.9099283e+00
  -2.9107804e+00
  -2.9107857e+00
  -2.9116199e+00
  -2.9106903e+00
  -2.9100621e+00
  -2.9101147e+00
  -2.9100587e+00
  -2.9097034e+00
  -2.9100062e+00
  -2.9098041e+00
  -2.9102180e+00
  -2.9102162e+00
  -2.9097532e+00
  -2.9099017e+00
  -2.9099096e+00
  -2.9099035e+00
  -2.9101013e+00
  -2.9111822e+00
  -2.9118773e+00
  -2.9111980e+00
  -2.9109959e+00
  -2.9112362e+00
  -2.9114530e+00
  -2.9111934e+00
  -2.9106251e+00
  -2.9109632e+00
  -2.9114872e+00
  -2.9109993e+00
  -2.9109420e+00
  -2.9111753e+00
  -2.9113906e+00
  -2.9111956e+00
  -2.9109950e+00
  -2.9111488e+00
  -2.9113877e+00
  -2.9111884e+00
  -2.9110555e+00
  -2.9111942e+00
  -2.9112269e+00
  -2.9112055e+00
  -2.9112825e+00
  -2.9112488e+00
  -2.9108985e+00
  -2.9106144e+00
  -2.9109930e+00
  -2.9113857e+00
  -2.9110965e+00
  -2.9109790e+00
  -2.9111959e+00
  -2.9116297e+00
  -2.9112312e+00
  -2.9110514e+00
  -2.9113981e+00
  -2.9114610e+00
  -2.9112552e+00
  -2.9110712e+00
  -2.9113949e+00
  -2.9112975e+00
  -2.9111728e+00
  -2.9111029e+00
  -2.9108142e+00
  -2.9110775e+00
  -2.9115434e+00
  -2.9116306e+00
  -2.9111388e+00
  -2.9115052e+00
  -2.9116448e+00
  -2.9109672e+00
  -2.9110375e+00
  -2.9114925e+00
  -2.9113220e+00
  -2.9112967e+00
  -2.9116354e+00
  -2.9113669e+00
  -2.9111633e+00
  -2.9113948e+00
  -2.9113939e+00
  -2.9113982e+00
  -2.9114941e+00
  -2.9113964e+00
  -2.9113298e+00
  -2.9112852e+00
  -2.9109982e+00
  -2.9111011e+00
  -2.9118757e+00
  -2.9120066e+00
  -2.9114360e+00
  -2.9114940e+00
  -2.9114941e+00
  -2.9114069e+00
  -2.9113975e+00
  -2.9117919e+00
  -2.9113965e+00
  -2.9116404e+00
  -2.9114970e+00
  -2.9115914e+00
  -2.9114438e+00
  -2.9115313e+00
  -2.9116947e+00
  -2.9114450e+00
  -2.9114657e+00
  -2.9115982e+00
  -2.9114753e+00
  -2.9115313e+00
  -2.9114950e+00
  -2.9114506e+00
  -2.9113701e+00
  -2.9114915e+00
  -2.9115981e+00
  -2.9114401e+00
  -2.9115970e+00
  -2.9114682e+00
  -2.9110966e+00
  -2.9115315e+00
  -2.9113484e+00
  -2.9112979e+00
  -2.9112972e+00
  -2.9111262e+00
  -2.9112979e+00
  -2.9112696e+00
  -2.9110957e+00
  -2.9110992e+00
  -2.9112295e+00
  -2.9112975e+00
  -2.9112628e+00
  -2.9111475e+00
  -2.9111985e+00
  -2.9112188e+00
  -2.9113283e+00
  -2.9111235e+00
  -2.9112321e+00
  -2.9112935e+00
  -2.9111213e+00
  -2.9111970e+00
  -2.9112987e+00
  -2.9112946e+00
  -2.9112529e+00
  -2.9113547e+00
  -2.9112950e+00
  -2.9113541e+00
  -2.9111984e+00
  -2.9110967e+00
  -2.9114178e+00
  -2.9113981e+00
  -2.9112243e+00
  -2.9110624e+00
  -2.9111844e+00
  -2.9116367e+00
  -2.9115951e+00
  -2.9112656e+00
  -2.9112035e+00
  -2.9113967e+00
  -2.9112063e+00
  -2.9111993e+00
  -2.9115703e+00
  -2.9115885e+00
  -2.9113027e+00
  -2.9114940e+00
  -2.9116040e+00
  -2.9118075e+00
  -2.9114961e+00
  -2.9116840e+00
  -2.9112491e+00
  -2.9110610e+00
  -2.9111985e+00
  -2.9115780e+00
  -2.9125227e+00
  -2.9112967e+00
  -2.9115920e+00
  -2.9116969e+00
  -2.9116931e+00
  -2.9115920e+00
  -2.9115344e+00
  -2.9115954e+00
  -2.9115867e+00
  -2.9116149e+00
  -2.9118019e+00
  -2.9120873e+00
  -2.9118413e+00
  -2.9115914e+00
  -2.9115968e+00
  -2.9114848e+00
  -2.9111975e+00
  -2.9111052e+00
  -2.9118348e+00
  -2.9113925e+00
  -2.9113049e+00
  -2.9110962e+00
  -2.9116003e+00
  -2.9121252e+00
  -2.9114055e+00
  -2.9111285e+00
  -2.9112951e+00
  -2.9114132e+00
  -2.9111002e+00
  -2.9113078e+00
  -2.9116016e+00
  -2.9114513e+00
  -2.9107457e+00
  -2.9107572e+00
  -2.9112953e+00
  -2.9114074e+00
  -2.9114142e+00
  -2.9114972e+00
  -2.9114750e+00
  -2.9112976e+00
  -2.9116196e+00
  -2.9115990e+00
  -2.9114941e+00
  -2.9115882e+00
  -2.9115381e+00
  -2.9113939e+00
  -2.9111314e+00
  -2.9112969e+00
  -2.9112990e+00
  -2.9114994e+00
  -2.9110063e+00
  -2.9110944e+00
  -2.9112970e+00
  -2.9112056e+00
  -2.9113381e+00
  -2.9110483e+00
  -2.9112592e+00
  -2.9108778e+00
  -2.9103893e+00
  -2.9101146e+00
  -2.9102833e+00
  -2.9099033e+00
  -2.9097070e+00
  -2.9098182e+00
  -2.9098047e+00
  -2.9098353e+00
  -2.9106657e+00
  -2.9102628e+00
  -2.9105443e+00
  -2.9117892e+00
  -2.9112999e+00
  -2.9108969e+00
  -2.9113194e+00
  -2.9118137e+00
  -2.9111259e+00
  -2.9111371e+00
  -2.9112942e+00
  -2.9113927e+00
  -2.9112599e+00
  -2.9119792e+00
  -2.9117119e+00
  -2.9111226e+00
  -2.9112728e+00
  -2.9114879e+00
  -2.9116155e+00
  -2.9115177e+00
  -2.9118583e+00
  -2.9110969e+00
  -2.9115366e+00
  -2.9111943e+00
  -2.9119115e+00
  -2.9117136e+00
  -2.9117990e+00
  -2.9120686e+00
  -2.9114480e+00
  -2.9119140e+00
  -2.9116077e+00
  -2.9123249e+00
  -2.9117489e+00
  -2.9114355e+00
  -2.9116000e+00
  -2.9110418e+00
  -2.9117639e+00
  -2.9117894e+00
  -2.9116678e+00
  -2.9115985e+00
  -2.9110941e+00
  -2.9111002e+00
  -2.9113468e+00
  -2.9113099e+00
  -2.9121638e+00
  -2.9113950e+00
  -2.9111951e+00
  -2.9114206e+00
  -2.9112738e+00
  -2.9114775e+00
  -2.9117008e+00
  -2.9119187e+00
  -2.9112416e+00
  -2.9116003e+00
  -2.9115516e+00
  -2.9123608e+00
  -2.9121630e+00
  -2.9116110e+00
  -2.9117158e+00
  -2.9111923e+00
  -2.9111031e+00
  -2.9109614e+00
  -2.9117662e+00
  -2.9119168e+00
  -2.9112660e+00
  -2.9114148e+00
  -2.9119186e+00
  -2.9116459e+00
  -2.9121474e+00
  -2.9124286e+00
  -2.9124264e+00
  -2.9117111e+00
  -2.9109919e+00
  -2.9114861e+00
  -2.9115951e+00
  -2.9121236e+00
  -2.9112784e+00
  -2.9115733e+00
  -2.9114935e+00
  -2.9111844e+00
  -2.9116939e+00
  -2.9117017e+00
  -2.9118115e+00
  -2.9116764e+00
  -2.9116533e+00
  -2.9113104e+00
  -2.9115957e+00
  -2.9111937e+00
  -2.9112857e+00
  -2.9113580e+00
  -2.9114082e+00
  -2.9109813e+00
  -2.9115569e+00
  -2.9121737e+00
  -2.9111724e+00
  -2.9115802e+00
  -2.9109944e+00
  -2.9118846e+00
  -2.9112912e+00
  -2.9116996e+00
  -2.9117619e+00
  -2.9113967e+00
  -2.9114942e+00
  -2.9115249e+00
  -2.9116005e+00
  -2.9115904e+00
  -2.9120953e+00
  -2.9113592e+00
  -2.9120093e+00
  -2.9115288e+00
  -2.9114870e+00
  -2.9114027e+00
  -2.9122546e+00
  -2.9117026e+00
  -2.9117014e+00
  -2.9113980e+00
  -2.9116717e+00
  -2.9124191e+00
  -2.9117626e+00
  -2.9118065e+00
  -2.9120143e+00
  -2.9117334e+00
  -2.9110843e+00
  -2.9124129e+00
  -2.9117235e+00
  -2.9119603e+00
  -2.9117062e+00
  -2.9117800e+00
  -2.9120587e+00
  -2.9113369e+00
  -2.9116018e+00
  -2.9115319e+00
  -2.9113933e+00
  -2.9113968e+00
  -2.9118021e+00
  -2.9113833e+00
  -2.9117055e+00
  -2.9116000e+00
  -2.9106009e+00
  -2.9097581e+00
  -2.9102116e+00
  -2.9103033e+00
  -2.9101616e+00
  -2.9101299e+00
  -2.9108357e+00
  -2.9123708e+00
  -2.9112733e+00
  -2.9106407e+00
  -2.9105157e+00
  -2.9113365e+00
  -2.9118312e+00
  -2.9110436e+00
  -2.9104496e+00
  -2.9099403e+00
  -2.9104188e+00
  -2.9103385e+00
  -2.9112692e+00
  -2.9116929e+00
  -2.9113322e+00
  -2.9113896e+00
  -2.9118032e+00
  -2.9116096e+00
  -2.9114013e+00
  -2.9115951e+00
  -2.9114355e+00
  -2.9111450e+00
  -2.9113243e+00
  -2.9119369e+00
  -2.9108952e+00
  -2.9116075e+00
  -2.9111884e+00
  -2.9113519e+00
  -2.9116063e+00
  -2.9112968e+00
  -2.9106776e+00
  -2.9103029e+00
  -2.9099023e+00
  -2.9099335e+00
  -2.9100693e+00
  -2.9100149e+00
  -2.9095716e+00
  -2.9096730e+00
  -2.9101578e+00
  -2.9102328e+00
  -2.9108812e+00
  -2.9105997e+00
  -2.9102685e+00
  -2.9051170e+00
  -2.8929279e+00
  -2.8405407e+00
  -2.8023173e+00
  -2.7617013e+00
  -2.7434231e+00
  -2.7349897e+00
  -2.7320038e+00
  -2.7280687e+00
  -2.7254470e+00
  -2.7249108e+00
  -2.7239959e+00
  -2.7226711e+00
  -2.7240244e+00
  -2.7233879e+00
  -2.7209656e+00
  -2.7195258e+00
  -2.7187132e+00
  -2.7180308e+00
  -2.7168404e+00
  -2.7169748e+00
  -2.7161051e+00
  -2.7163348e+00
  -2.7162741e+00
  -2.7156638e+00
  -2.7165626e+00
  -2.7161266e+00
  -2.7158971e+00
  -2.7157954e+00
  -2.7157438e+00
  -2.7156557e+00
  -2.7146377e+00
  -2.7136518e+00
  -2.7137417e+00
  -2.7137525e+00
  -2.7136671e+00
  -2.7137368e+00
  -2.7149019e+00
  -2.7144074e+00
  -2.7144528e+00
  -2.7140801e+00
  -2.7140849e+00
  -2.7141037e+00
  -2.7136834e+00
  -2.7134763e+00
  -2.7135291e+00
  -2.7134911e+00
  -2.7130143e+00
  -2.7128692e+00
  -2.7126685e+00
  -2.7120201e+00
  -2.7118488e+00
  -2.7128383e+00
  -2.7118150e+00
  -2.7138691e+00
  -2.7133191e+00
  -2.7133577e+00
  -2.7136802e+00
  -2.7127443e+00
  -2.7145523e+00
  -2.7140682e+00
  -2.7138507e+00
  -2.7160484e+00
  -2.7281316e+00
  -2.7713797e+00
  -2.8174349e+00
  -2.8700565e+00
  -2.9106245e+00
  -2.9508329e+00
  -2.9923921e+00
  -3.0060247e+00
  -3.0099774e+00
  -3.0118412e+00
  -3.0123011e+00
  -3.0135191e+00
  -3.0179604e+00
  -3.0205399e+00
  -3.0216156e+00
  -3.0229008e+00
  -3.0237330e+00
  -3.0254456e+00
  -3.0259101e+00
  -3.0268785e+00
  -3.0281909e+00
  -3.0290400e+00
  -3.0293714e+00
  -3.0317714e+00
  -3.0478339e+00
  -3.0851540e+00
  -3.1192522e+00
   3.1356921e+00
   3.0934676e+00
   3.0498652e+00
   3.0216403e+00
   3.0125991e+00
   3.0105990e+00
   3.0100239e+00
   3.0088941e+00
   3.0069140e+00
   3.0066384e+00
   3.0061128e+00
   3.0049861e+00
   3.0039710e+00
   2.9998802e+00
   2.9826365e+00
   2.9390808e+00
   2.8941934e+00
   2.8561695e+00
   2.8271231e+00
   2.7804697e+00
   2.7689497e+00
   2.7646832e+00
   2.7623015e+00
   2.7601119e+00
   2.7586431e+00
   2.7576972e+00
   2.7550005e+00
   2.7395668e+00
   2.6903086e+00
   2.6493818e+00
   2.5964652e+00
   2.5592426e+00
   2.5251194e+00
   2.4590577e+00
   2.4099443e+00
   2.3643724e+00
   2.3234281e+00
   2.2836494e+00
   2.2434136e+00
   2.1804647e+00
   2.1382562e+00
   2.0929393e+00
   2.0419480e+00
   2.0243408e+00
   1.9489430e+00
   1.9051960e+00
   1.8636485e+00
   1.8425355e+00
   1.8325873e+00
   1.8435002e+00
   1.8381362e+00
   1.8334602e+00
   1.8332886e+00
   1.8297793e+00
   1.8024035e+00
   1.7742313e+00
   1.7314491e+00
   1.6816551e+00
   1.6410388e+00
   1.5923035e+00
   1.5483266e+00
   1.5051436e+00
   1.4824760e+00
   1.4765026e+00
   1.4769328e+00
   1.4996464e+00
   1.4823672e+00
   1.4813533e+00
   1.4882805e+00
   1.4926457e+00
   1.4921451e+00
   1.4753096e+00
   1.4701325e+00
   1.4690170e+00
   1.4679561e+00
   1.4673567e+00
   1.4659214e+00
   1.4648990e+00
   1.4508372e+00
   1.4127413e+00
   1.3765489e+00
   1.3402140e+00
   1.3012081e+00
   1.2651169e+00
   1.2294660e+00
   1.1930272e+00
   1.1499474e+00
   1.1132100e+00
   1.0763934e+00
   1.0375999e+00
   1.0030951e+00
   9.7855583e-01
   9.7355984e-01
   9.7025159e-01
   9.6689854e-01
   9.5735544e-01
   9.1603600e-01
   8.7628028e-01
   8.3636314e-01
   8.0793004e-01
   7.7218020e-01
   7.3073583e-01
   6.9184511e-01
   6.5311498e-01
   6.3701623e-01
   6.3110781e-01
   6.2820184e-01
   6.2638447e-01
   6.2524141e-01
   6.2322667e-01
   6.1695252e-01
   6.1280168e-01
   6.1295672e-01
   6.1377748e-01
   6.1382979e-01
   6.0585289e-01
   5.7856511e-01
   5.3551869e-01
   4.9204267e-01
   4.6691114e-01
   4.2578272e-01
   3.8669758e-01
   3.5204398e-01
   3.0620316e-01
   2.7073045e-01
   2.2979235e-01
   2.0494139e-01
   1.9906505e-01
   1.9681970e-01
   2.0279004e-01
   2.1318446e-01
   2.4378155e-01
   2.9522024e-01
   3.4988337e-01
   3.8190435e-01
   4.2281130e-01
   4.4184274e-01
   4.8213746e-01
   4.8915249e-01
   4.9257058e-01
   4.9496438e-01
   4.9699556e-01
   5.0027886e-01
   5.0196106e-01
   5.0301817e-01
   5.0356953e-01
   5.0499346e-01
   5.0415731e-01
   5.0647152e-01
   5.0700161e-01
   5.0643643e-01
   5.0762015e-01
   5.0964783e-01
   5.0976375e-01
   5.1051493e-01
   5.1062999e-01
   5.1077866e-01
   5.1041733e-01
   5.1085899e-01
   5.1083712e-01
   5.1107050e-01
   5.1132804e-01
   5.1109105e-01
   5.1161832e-01
   5.1167023e-01
   5.1171508e-01
   5.1170534e-01
   5.1160691e-01
   5.1200546e-01
   5.1173753e-01
   5.1217707e-01
   5.1178081e-01
   5.1637264e-01
   5.2979892e-01
   5.8578815e-01
   6.2471638e-01
   6.5215785e-01
   6.6923515e-01
   6.6954659e-01
   6.6978925e-01
   6.6598120e-01
   6.6176009e-01
   6.3501918e-01
   5.8203077e-01
   5.3880534e-01
   5.0815523e-01
   4.9118634e-01
   4.9117474e-01
   4.8944990e-01
   4.8824348e-01
   4.8643997e-01
   4.8503798e-01
   4.8366310e-01
   4.8250901e-01
   4.8129845e-01
   4.8050743e-01
   4.7934970e-01
   4.7788587e-01
   4.7704827e-01
   4.7494623e-01
   4.7109215e-01
   4.5972548e-01
   4.1554333e-01
   3.7015515e-01
   3.2801372e-01
   3.0625089e-01
   2.9343185e-01
   2.8943237e-01
   2.8366237e-01
   2.8248300e-01
   2.8173836e-01
   2.7920925e-01
   2.8447144e-01
   2.8056004e-01
   2.8210163e-01
   2.8049438e-01
   2.8080091e-01
   2.8158394e-01
   2.8211314e-01
   2.8186678e-01
   2.8041793e-01
   2.7945096e-01
   2.7926358e-01
   2.7584392e-01
   2.5411944e-01
   2.2404576e-01
   1.8546528e-01
   1.4551098e-01
   9.7930442e-02
   7.7002799e-02
   3.5938493e-02
  -5.3150205e-03
  -4.4708527e-02
  -7.9250502e-02
  -1.1571491e-01
  -1.4478859e-01
  -1.7435493e-01
  -2.2415143e-01
  -2.6508662e-01
  -3.0251871e-01
  -3.4144908e-01
  -3.7257241e-01
  -4.2276735e-01
  -4.6128667e-01
  -4.6582988e-01
  -4.6846585e-01
  -4.7107546e-01
  -4.7371142e-01
  -4.7634739e-01
  -4.7895700e-01
  -4.8159297e-01
  -4.8394032e-01
  -4.8466361e-01
  -4.8413216e-01
  -4.8392588e-01
  -4.8445387e-01
  -5.0525750e-01
  -5.2684301e-01
  -5.3371186e-01
  -6.3449887e-01
  -6.6918277e-01
  -6.8080650e-01
  -6.9313532e-01
  -6.9415475e-01
  -6.9528242e-01
  -6.9613102e-01
  -6.9743274e-01
  -7.0831679e-01
  -7.2455928e-01
  -7.6496596e-01
  -8.0746819e-01
  -8.4401027e-01
  -9.0028449e-01
  -9.4703646e-01
  -9.6737032e-01
  -9.8377136e-01
  -1.0000084e+00
  -1.0164094e+00
  -1.0326464e+00
  -1.0498674e+00
  -1.0662684e+00
  -1.0818494e+00
  -1.0980864e+00
  -1.1144875e+00
  -1.1307245e+00
  -1.1471255e+00
  -1.1633625e+00
  -1.1797635e+00
  -1.1961645e+00
  -1.2133856e+00
  -1.2288025e+00
  -1.2452035e+00
  -1.2616045e+00
  -1.2673033e+00
  -1.2672420e+00
  -1.2675023e+00
  -1.2669535e+00
  -1.2672236e+00
  -1.2675439e+00
  -1.2677675e+00
  -1.2637292e+00
  -1.2601300e+00
  -1.2617495e+00
  -1.2643148e+00
  -1.2640306e+00
  -1.2642671e+00
  -1.2637882e+00
  -1.2641361e+00
  -1.2644731e+00
  -1.2645642e+00
  -1.2637717e+00
  -1.2639112e+00
  -1.2627694e+00
  -1.2628198e+00
  -1.2630343e+00
  -1.2631083e+00
  -1.2631815e+00
  -1.2616023e+00
  -1.2526602e+00
  -1.2437181e+00
  -1.2348655e+00
  -1.2259234e+00
  -1.2170707e+00
  -1.2081286e+00
  -1.1990971e+00
  -1.1818242e+00
  -1.1717995e+00
  -1.1642867e+00
  -1.0682538e+00
  -1.0299140e+00
  -9.9558572e-01
  -9.9327802e-01
  -8.6658773e-01
  -8.2049437e-01
  -8.1505353e-01
  -7.6358123e-01
  -6.8546779e-01
  -6.4408077e-01
  -6.0240893e-01
  -5.6266126e-01
  -5.2839022e-01
  -5.1069222e-01
  -5.0756613e-01
  -5.0710679e-01
  -5.0512332e-01
  -4.9840777e-01
  -4.8028895e-01
  -4.4134479e-01
  -3.9878037e-01
  -3.5653354e-01
  -3.0965047e-01
  -2.5769645e-01
  -2.1100572e-01
  -1.7596140e-01
  -1.4069847e-01
  -1.2463683e-01
  -1.2202484e-01
  -1.1960664e-01
  -1.1973270e-01
  -1.1930921e-01
  -1.1763880e-01
  -1.1500411e-01
  -1.1376894e-01
  -1.1126369e-01
  -1.0909529e-01
  -1.0903573e-01
  -1.0473550e-01
  -9.1002472e-02
  -5.6865837e-02
  -2.2384413e-02
   1.1752304e-02
   4.6578518e-02
   7.0929423e-02
   1.1815164e-01
   1.4574193e-01
   1.6582066e-01
   1.8764534e-01
   1.9802517e-01
   2.0037624e-01
   2.0290239e-01
   2.0540353e-01
   2.0822410e-01
   2.2149387e-01
   2.3833166e-01
   2.6039163e-01
   3.2868049e-01
   3.6229411e-01
   4.0803090e-01
   4.4080813e-01
   4.6475308e-01
   4.7274757e-01
   4.7598442e-01
   4.8119155e-01
   4.8115883e-01
   4.8292164e-01
   4.8397809e-01
   4.8446233e-01
   4.8528287e-01
   4.8547060e-01
   4.8593121e-01
   4.8613506e-01
   4.8640468e-01
   4.9162716e-01
   4.9201656e-01
   4.8864208e-01
   4.8912757e-01
   4.8824070e-01
   4.8898979e-01
   4.8764290e-01
   4.8765800e-01
   4.8849315e-01
   4.8892468e-01
   4.8718310e-01
   4.8739269e-01
   4.8445187e-01
   4.7208440e-01
   4.1448922e-01
   3.7580314e-01
   3.2706967e-01
   2.8499131e-01
   2.4313725e-01
   2.0837424e-01
   1.8564461e-01
   1.7413538e-01
   1.7302515e-01
   1.7143627e-01
   1.6916453e-01
   1.6986279e-01
   1.6813954e-01
   1.6024664e-01
   1.3823938e-01
   1.0214492e-01
   4.8837824e-02
   1.0639342e-02
  -2.7586920e-02
  -7.7288315e-02
  -1.2269601e-01
  -1.6020887e-01
  -2.1370935e-01
  -2.5457106e-01
  -2.9753147e-01
  -3.4009189e-01
  -3.7445587e-01
  -4.0381098e-01
  -4.1022150e-01
  -4.1453032e-01
  -4.1779891e-01
  -4.1817585e-01
  -4.2033333e-01
  -4.2128193e-01
  -4.2298043e-01
  -4.2861125e-01
  -4.3747090e-01
  -4.6054625e-01
  -4.9913413e-01
  -5.3309826e-01
  -5.7053486e-01
  -6.0711388e-01
  -6.3843218e-01
  -6.8987277e-01
  -7.2790968e-01
  -7.5971666e-01
  -8.0962947e-01
  -8.4830943e-01
  -8.9422461e-01
  -9.2685407e-01
  -9.5962968e-01
  -1.0052558e+00
  -1.0434626e+00
  -1.0906172e+00
  -1.1217022e+00
  -1.1612210e+00
  -1.2227670e+00
  -1.2671115e+00
  -1.3012329e+00
  -1.3505189e+00
  -1.3886494e+00
  -1.4434455e+00
  -1.4831052e+00
  -1.5229360e+00
  -1.5583211e+00
  -1.5887834e+00
  -1.5992559e+00
  -1.6022665e+00
  -1.6043446e+00
  -1.6117608e+00
  -1.6285442e+00
  -1.6715451e+00
  -1.7246053e+00
  -1.7742274e+00
  -1.8171350e+00
  -1.8579000e+00
  -1.9065722e+00
  -1.9408679e+00
  -1.9757008e+00
  -2.0138011e+00
  -2.0572813e+00
  -2.0911330e+00
  -2.1341485e+00
  -2.1734229e+00
  -2.2089381e+00
  -2.2529302e+00
  -2.2901271e+00
  -2.3342526e+00
  -2.3673469e+00
  -2.4204767e+00
  -2.4627068e+00
  -2.5028144e+00
  -2.5519643e+00
  -2.5962385e+00
  -2.6466818e+00
  -2.6910995e+00
  -2.7347844e+00
  -2.7787495e+00
  -2.7908899e+00
  -2.7990597e+00
  -2.8004414e+00
  -2.8029303e+00
  -2.8058417e+00
  -2.8101838e+00
  -2.8292287e+00
  -2.8777412e+00
  -2.9032827e+00
  -2.9486288e+00
  -2.9978109e+00
  -3.0445580e+00
  -3.0896847e+00
  -3.1337975e+00
   3.1048327e+00
   3.0616759e+00
   3.0403495e+00
   3.0374417e+00
   3.0361318e+00
   3.0349127e+00
   3.0339117e+00
   3.0320526e+00
   3.0310901e+00
   3.0302070e+00
   3.0288315e+00
   3.0276996e+00
   3.0264313e+00
   3.0251864e+00
   3.0250355e+00
   3.0206128e+00
   3.0194597e+00
   3.0180518e+00
   3.0169293e+00
   3.0173739e+00
   3.0197887e+00
   3.0291042e+00
   3.0581557e+00
   3.0942856e+00
   3.1332260e+00
  -3.1134810e+00
  -3.0771838e+00
  -3.0328704e+00
  -3.0165395e+00
  -3.0093015e+00
  -3.0071401e+00
  -3.0051056e+00
  -3.0033110e+00
  -3.0025921e+00
  -3.0014849e+00
  -3.0005972e+00
  -2.9993893e+00
  -2.9886660e+00
  -2.9542489e+00
  -2.9181324e+00
  -2.8835325e+00
  -2.8449569e+00
  -2.7890516e+00
  -2.7378987e+00
  -2.7074877e+00
  -2.6770014e+00
  -2.6587481e+00
  -2.6506263e+00
  -2.6505115e+00
  -2.6530122e+00
  -2.6652409e+00
  -2.7180549e+00
  -2.7640723e+00
  -2.8060952e+00
  -2.8275658e+00
  -2.8395510e+00
  -2.8435720e+00
  -2.8455917e+00
  -2.8472662e+00
  -2.8485516e+00
  -2.8494383e+00
  -2.8499261e+00
  -2.8508048e+00
  -2.8511356e+00
  -2.8521056e+00
  -2.8513816e+00
  -2.8533838e+00
  -2.8536322e+00
  -2.8539275e+00
  -2.8553588e+00
  -2.8550727e+00
  -2.8547904e+00
  -2.8547388e+00
  -2.8549016e+00
  -2.8604522e+00
  -2.8873335e+00
  -2.9226478e+00
  -2.9802866e+00
  -3.0322716e+00
  -3.0851017e+00
  -3.1159972e+00
   3.1246263e+00
   3.0761578e+00
   3.0308118e+00
   2.9890119e+00
   2.9401616e+00
   2.8922905e+00
   2.8588262e+00
   2.8182848e+00
   2.8017358e+00
   2.7960491e+00
   2.7926403e+00
   2.7907031e+00
   2.7799378e+00
   2.7395985e+00
   2.7119588e+00
   2.6580429e+00
   2.6186077e+00
   2.5776677e+00
   2.5372388e+00
   2.5096990e+00
   2.4707304e+00
   2.4473731e+00
   2.4370859e+00
   2.4364023e+00
   2.4384410e+00
   2.4371470e+00
   2.4364139e+00
   2.4353119e+00
   2.4345571e+00
   2.4280907e+00
   2.4284741e+00
   2.4278940e+00
   2.4286606e+00
   2.4318969e+00
   2.4323110e+00
   2.4321806e+00
   2.4309986e+00
   2.4307065e+00
   2.4314813e+00
   2.4308041e+00
   2.4306399e+00
   2.4299624e+00
   2.4271992e+00
   2.4218185e+00
   2.3964791e+00
   2.3545615e+00
   2.3140379e+00
   2.2543565e+00
   2.2120192e+00
   2.1709623e+00
   2.1325840e+00
   2.0810807e+00
   2.0394551e+00
   1.9878925e+00
   1.9615248e+00
   1.9093705e+00
   1.8898504e+00
   1.8821229e+00
   1.8832154e+00
   1.8787295e+00
   1.8778422e+00
   1.8700810e+00
   1.8327996e+00
   1.7949097e+00
   1.7475049e+00
   1.7056607e+00
   1.6607857e+00
   1.6080728e+00
   1.5677063e+00
   1.5143501e+00
   1.4964271e+00
   1.4800017e+00
   1.4784616e+00
   1.4763109e+00
   1.4743531e+00
   1.4733369e+00
   1.4727294e+00
   1.4714701e+00
   1.4689609e+00
   1.4679971e+00
   1.4666795e+00
   1.4609027e+00
   1.4363984e+00
   1.4005065e+00
   1.3638672e+00
   1.3239709e+00
   1.2953206e+00
   1.2571875e+00
   1.1919786e+00
   1.1556491e+00
   1.1273145e+00
   1.1162239e+00
   1.1124207e+00
   1.1106388e+00
   1.1088581e+00
   1.1076311e+00
   1.1048735e+00
   1.1052367e+00
   1.1189674e+00
   1.1606212e+00
   1.1907642e+00
   1.2352664e+00
   1.2732929e+00
   1.3126093e+00
   1.3343363e+00
   1.3470330e+00
   1.3503635e+00
   1.3532044e+00
   1.3571404e+00
   1.3570451e+00
   1.3580812e+00
   1.3586938e+00
   1.3750932e+00
   1.4138262e+00
   1.4550532e+00
   1.4924576e+00
   1.5323151e+00
   1.5746086e+00
   1.6196637e+00
   1.6612772e+00
   1.7122298e+00
   1.7459991e+00
   1.7858261e+00
   1.8223067e+00
   1.8587719e+00
   1.9086120e+00
   1.9371436e+00
   1.9769828e+00
   2.0158324e+00
   2.0513044e+00
   2.0885713e+00
   2.1346339e+00
   2.1796100e+00
   2.2208522e+00
   2.2758437e+00
   2.3205860e+00
   2.3658544e+00
   2.4139517e+00
   2.4607610e+00
   2.4956927e+00
   2.5373568e+00
   2.5824213e+00
   2.5960854e+00
   2.5997184e+00
   2.5999692e+00
   2.6003847e+00
   2.6016881e+00
   2.6106836e+00
   2.6408102e+00
   2.6787080e+00
   2.7168304e+00
   2.7520572e+00
   2.7905068e+00
   2.8341369e+00
   2.8597227e+00
   2.8729280e+00
   2.8818396e+00
   2.8861168e+00
   2.8891966e+00
   2.8972151e+00
   2.8992117e+00
   2.9130109e+00
   2.9606911e+00
   2.9992772e+00
   3.0227877e+00
   3.0697691e+00
   3.1093194e+00
  -3.1255629e+00
  -3.0933548e+00
  -3.0426879e+00
  -3.0217365e+00
  -3.0150222e+00
  -3.0042800e+00
  -3.0011176e+00
  -2.9992059e+00
  -2.9976820e+00
  -2.9960574e+00
  -2.9941191e+00
  -3.0011912e+00
  -2.9996876e+00
  -3.0025312e+00
  -2.9905503e+00
  -2.9454298e+00
  -2.9074200e+00
  -2.8688080e+00
  -2.8287300e+00
  -2.7998714e+00
  -2.7497522e+00
  -2.7374007e+00
  -2.7348811e+00
  -2.7301173e+00
  -2.7281782e+00
  -2.7262374e+00
  -2.7281413e+00
  -2.7269374e+00
  -2.7291607e+00
  -2.7285811e+00
  -2.7279407e+00
  -2.7273429e+00
  -2.7273041e+00
  -2.7264623e+00
  -2.7258460e+00
  -2.7208519e+00
  -2.7249501e+00
  -2.7211417e+00
  -2.7178630e+00
  -2.7178176e+00
  -2.7184667e+00
  -2.7179491e+00
  -2.7180309e+00
  -2.7178364e+00
  -2.7170300e+00
  -2.7163306e+00
  -2.7162128e+00
  -2.7160589e+00
  -2.7158053e+00
  -2.7156869e+00
  -2.7151714e+00
  -2.7153147e+00
  -2.7154172e+00
  -2.7150766e+00
  -2.7150662e+00
  -2.7159545e+00
  -2.7156200e+00
  -2.7152903e+00
  -2.7146541e+00
  -2.7139354e+00
  -2.7137911e+00
  -2.7142547e+00
  -2.7135543e+00
  -2.7138690e+00
  -2.7131422e+00
  -2.7128482e+00
  -2.7117908e+00
  -2.7122633e+00
  -2.7129005e+00
  -2.7118610e+00
  -2.7070304e+00
  -2.6800349e+00
  -2.6397332e+00
  -2.6007673e+00
  -2.5650953e+00
  -2.5421871e+00
  -2.5341913e+00
  -2.5310128e+00
  -2.5287803e+00
  -2.5293550e+00
  -2.5290189e+00
  -2.5269822e+00
  -2.5261693e+00
  -2.5250060e+00
  -2.5227340e+00
  -2.5218329e+00
  -2.5214311e+00
  -2.5205737e+00
  -2.5199169e+00
  -2.5199248e+00
  -2.5194621e+00
  -2.5132715e+00
  -2.4952116e+00
  -2.4468502e+00
  -2.3733239e+00
  -2.3302450e+00
  -2.2933055e+00
  -2.2563434e+00
  -2.2132776e+00
  -2.1701285e+00
  -2.1402532e+00
  -2.1006591e+00
  -2.0616818e+00
  -2.0118314e+00
  -1.9745800e+00
  -1.9366395e+00
  -1.9014376e+00
  -1.8582398e+00
  -1.8164475e+00
  -1.7930703e+00
  -1.7576545e+00
  -1.7465278e+00
  -1.7439073e+00
  -1.7423084e+00
  -1.7416633e+00
  -1.7406879e+00
  -1.7350935e+00
  -1.6987875e+00
  -1.6597777e+00
  -1.6266702e+00
  -1.5930565e+00
  -1.5552446e+00
  -1.5137775e+00
  -1.4921988e+00
  -1.4832037e+00
  -1.4784433e+00
  -1.4683011e+00
  -1.4441858e+00
  -1.3999910e+00
  -1.3638806e+00
  -1.3192241e+00
  -1.2749028e+00
  -1.2351841e+00
  -1.1921144e+00
  -1.1349835e+00
  -1.0830475e+00
  -1.0367331e+00
  -9.8252253e-01
  -9.4264490e-01
  -8.9482996e-01
  -8.6625034e-01
  -8.1821540e-01
  -7.9130166e-01
  -7.8541315e-01
  -7.8439341e-01
  -7.8324206e-01
  -7.8104718e-01
  -7.7382709e-01
  -7.4655217e-01
  -7.1485696e-01
  -6.6810621e-01
  -6.3193524e-01
  -5.9690068e-01
  -5.6427405e-01
  -5.1488818e-01
  -4.7714962e-01
  -4.4202618e-01
  -3.9779545e-01
  -3.6489395e-01
  -3.2017357e-01
  -2.8345818e-01
  -2.4341125e-01
  -2.1245452e-01
  -1.6732946e-01
  -1.1549975e-01
  -8.2737581e-02
  -4.3311749e-02
   2.1118694e-03
   4.8670754e-02
   9.7105461e-02
   1.3585023e-01
   1.5041840e-01
   1.5184283e-01
   1.5282080e-01
   1.5365308e-01
   1.5469842e-01
   1.6258461e-01
   1.8612212e-01
   2.4097489e-01
   2.7819756e-01
   3.1920305e-01
   3.5212511e-01
   3.8681574e-01
   4.2820291e-01
   4.5502720e-01
   4.6513567e-01
   4.6997237e-01
   4.7143798e-01
   4.7328576e-01
   4.7410298e-01
   4.7566641e-01
   4.7488942e-01
   4.6695820e-01
   4.4015143e-01
   3.9105506e-01
   3.6609105e-01
   3.6198197e-01
   3.5787290e-01
   3.5733186e-01
   3.7703151e-01
   4.1397329e-01
   4.6434319e-01
   4.8085426e-01
   4.8568114e-01
   4.8335097e-01
   4.8035105e-01
   4.8057779e-01
   4.8021811e-01
   4.7989663e-01
   4.7963975e-01
   4.7974133e-01
   4.7932049e-01
   4.7924140e-01
   4.7935425e-01
   4.7906160e-01
   4.7525567e-01
   4.6700953e-01
   4.2509697e-01
   3.8796127e-01
   3.5556833e-01
   3.4185065e-01
   3.3948025e-01
   3.3208799e-01
   3.0692804e-01
   2.7221742e-01
   2.3887707e-01
   2.0423641e-01
   1.8949293e-01
   1.8303645e-01
   1.7683309e-01
   1.5438946e-01
   1.2881465e-01
   6.9620983e-02
   3.6336361e-02
  -8.3730453e-03
  -4.8936218e-02
  -9.6150881e-02
  -1.2577731e-01
  -1.5363293e-01
  -1.6607654e-01
  -1.6988376e-01
  -1.7200295e-01
  -1.7404334e-01
  -1.7648773e-01
  -1.7660958e-01
  -1.7740132e-01
  -1.7726187e-01
  -1.7605860e-01
  -1.6804160e-01
  -1.4882859e-01
  -1.0262616e-01
  -6.1749949e-02
  -1.0968723e-02
   2.3762193e-02
   6.1496407e-02
   1.1521043e-01
   1.5080070e-01
   1.8470863e-01
   2.2176726e-01
   2.5841305e-01
   2.9305957e-01
   3.1056967e-01
   3.1401152e-01
   3.0432809e-01
   2.8510986e-01
   2.6608381e-01
   2.4686554e-01
   2.2783949e-01
   2.0862126e-01
   1.8940299e-01
   1.7037694e-01
   1.5115872e-01
   1.3194050e-01
   1.2182784e-01
   1.1996875e-01
   1.1873455e-01
   1.1718905e-01
   1.1578566e-01
   1.1444320e-01
   1.1357829e-01
   1.1347892e-01
   1.1317836e-01
   1.1286610e-01
   1.1277665e-01
   1.1281039e-01
   1.1234144e-01
   1.1188168e-01
   1.1141733e-01
   1.1144332e-01
   1.1129624e-01
   1.1147169e-01
   1.1285505e-01
   1.1368984e-01
   1.1364699e-01
   1.1494318e-01
   1.1543450e-01
   1.1495546e-01
   1.1487969e-01
   1.1431948e-01
   1.1430595e-01
   1.1378365e-01
   1.1379927e-01
   1.1363800e-01
   1.1348129e-01
   1.1339113e-01
   1.1330966e-01
   1.1296018e-01
   1.1326510e-01
   1.1284468e-01
   1.1299234e-01
   1.1259656e-01
   1.1245800e-01
   1.1292200e-01
   1.1246120e-01
   1.1287703e-01
   1.1251798e-01
   1.1221864e-01
   1.1180420e-01
   1.1161513e-01
   1.1325622e-01
   1.1319201e-01
   1.1268076e-01
   1.1176276e-01
   1.1183030e-01
   1.1244369e-01
   1.1220037e-01
   1.1162664e-01
   1.1138044e-01
   1.1142820e-01
   1.1131752e-01
   1.1117977e-01
   1.1043667e-01
   1.1155080e-01
   1.1045900e-01
   1.0468655e-01
   7.6213950e-02
   3.7586921e-02
   7.5609725e-03
  -3.4507026e-02
  -7.2209815e-02
  -1.0815059e-01
  -1.2582063e-01
  -1.4206612e-01
  -1.5090969e-01
  -1.5160665e-01
  -1.5269382e-01
  -1.5387800e-01
  -1.5933349e-01
  -1.8382720e-01
  -2.1943521e-01
  -2.5453545e-01
  -3.0238531e-01
  -3.4694166e-01
  -3.8235907e-01
  -4.2519553e-01
  -4.6058295e-01
  -4.8444862e-01
  -4.9224345e-01
  -4.9358820e-01
  -4.9579828e-01
  -4.9708117e-01
  -4.9853392e-01
  -4.9996779e-01
  -4.9777135e-01
  -4.9924598e-01
  -5.0037041e-01
  -4.9913508e-01
  -5.0146518e-01
  -5.0198773e-01
  -5.0318026e-01
  -5.0338135e-01
  -5.0399038e-01
  -5.0340706e-01
  -5.0425593e-01
  -5.0639109e-01
  -5.0571676e-01
  -5.0606690e-01
  -5.0625896e-01
  -5.0699364e-01
  -5.0585866e-01
  -5.0574752e-01
  -5.0597548e-01
  -5.0691921e-01
  -5.0811469e-01
  -5.0674771e-01
  -5.0760129e-01
  -5.0858198e-01
  -5.0737903e-01
  -5.0907586e-01
  -5.0653510e-01
  -5.0548059e-01
  -5.0607633e-01
  -5.0239191e-01
  -4.8867396e-01
  -4.1317985e-01
  -3.7388701e-01
  -3.4349415e-01
  -3.3661248e-01
  -3.3082079e-01
  -3.2847098e-01
  -3.2831129e-01
  -3.2684848e-01
  -3.2318300e-01
  -3.0035421e-01
  -2.5566875e-01
  -2.2974650e-01
  -1.9639137e-01
  -1.6034763e-01
  -1.1017321e-01
  -7.5223644e-02
  -3.0475114e-02
   9.2201461e-03
   5.7802182e-02
   1.0111226e-01
   1.4164214e-01
   1.9513895e-01
   2.4211362e-01
   3.1344918e-01
   3.3713042e-01
   3.7668870e-01
   4.1450119e-01
   4.7214350e-01
   5.0528730e-01
   5.2208395e-01
   5.2595934e-01
   5.2522978e-01
   5.2515314e-01
   5.2755018e-01
   5.3440449e-01
   5.5827817e-01
   5.9725372e-01
   6.4086142e-01
   6.7544137e-01
   7.1809328e-01
   7.4571710e-01
   7.9337399e-01
   8.2773231e-01
   8.7308124e-01
   9.1248666e-01
   9.5042138e-01
   9.8458609e-01
   1.0209219e+00
   1.0564929e+00
   1.1073787e+00
   1.1465252e+00
   1.1899306e+00
   1.2323184e+00
   1.2837533e+00
   1.3261489e+00
   1.3676165e+00
   1.4141816e+00
   1.4611597e+00
   1.5068850e+00
   1.5466501e+00
   1.6019905e+00
   1.6353799e+00
   1.6771824e+00
   1.7228526e+00
   1.7409182e+00
   1.7407185e+00
   1.7422092e+00
   1.7427554e+00
   1.7437765e+00
   1.7442810e+00
   1.7464838e+00
   1.7476920e+00
   1.7491151e+00
   1.7503453e+00
   1.7520174e+00
   1.7532730e+00
   1.7568528e+00
   1.7741474e+00
   1.8211399e+00
   1.8545699e+00
   1.8957765e+00
   1.9319924e+00
   1.9611380e+00
   2.0001349e+00
   2.0132026e+00
   2.0299752e+00
   2.0300467e+00
   2.0346288e+00
   2.0572059e+00
   2.0961673e+00
   2.1311874e+00
   2.1708476e+00
   2.2081886e+00
   2.2444249e+00
   2.2628933e+00
   2.2654617e+00
   2.2679845e+00
   2.2781178e+00
   2.2924881e+00
   2.3241724e+00
   2.3658267e+00
   2.4043503e+00
   2.4430149e+00
   2.4837673e+00
   2.5210252e+00
   2.5678452e+00
   2.6000105e+00
   2.6362157e+00
   2.6687320e+00
   2.6859301e+00
   2.6936912e+00
   2.6969438e+00
   2.7007634e+00
   2.7046678e+00
   2.7058120e+00
   2.7069439e+00
   2.7040610e+00
   2.7014844e+00
   2.7004032e+00
   2.7015654e+00
   2.7010373e+00
   2.7057448e+00
   2.7051287e+00
   2.7062976e+00
   2.7070130e+00
   2.7084993e+00
   2.7085291e+00
   2.7091498e+00
   2.7089041e+00
   2.7084858e+00
   2.7103446e+00
   2.7120790e+00
   2.7123357e+00
   2.7123893e+00
   2.7124233e+00
   2.7130400e+00
   2.7131206e+00
   2.7110621e+00
   2.7115308e+00
   2.7119314e+00
   2.7116413e+00
   2.7118980e+00
   2.7129206e+00
   2.7125418e+00
   2.7124951e+00
   2.7124164e+00
   2.7122598e+00
   2.7122179e+00
   2.7122752e+00
   2.7122178e+00
   2.7123914e+00
   2.7123332e+00
   2.7124622e+00
   2.7128812e+00
   2.7131140e+00
   2.7132780e+00
   2.7134681e+00
   2.7137399e+00
   2.7135654e+00
   2.7138994e+00
   2.7139973e+00
   2.7137261e+00
   2.7135864e+00
   2.7133499e+00
   2.7134793e+00
   2.7133434e+00
   2.7132858e+00
   2.7135785e+00
   2.7136350e+00
   2.7137114e+00
   2.7141109e+00
   2.7138664e+00
   2.7134032e+00
   2.7134372e+00
   2.7133925e+00
   2.7133002e+00
   2.7154506e+00
   2.7206241e+00
   2.7388166e+00
   2.7854800e+00
   2.8319829e+00
   2.8643891e+00
   2.9026738e+00
   2.9189861e+00
   2.9279874e+00
   2.9318687e+00
   2.9411183e+00
   2.9723715e+00
   3.0171908e+00
   3.0508393e+00
   3.0897370e+00
   3.1343093e+00
  -3.1160812e+00
  -3.0749734e+00
  -3.0366740e+00
  -3.0071107e+00
  -2.9658003e+00
  -2.9283140e+00
  -2.8872228e+00
  -2.8516385e+00
  -2.7740042e+00
  -2.7320898e+00
  -2.7006794e+00
  -2.6521737e+00
  -2.6188545e+00
  -2.5942796e+00
  -2.5857454e+00
  -2.5834263e+00
  -2.5809284e+00
  -2.5798817e+00
  -2.5789272e+00
  -2.5774056e+00
  -2.5764670e+00
  -2.5760903e+00
  -2.5754589e+00
  -2.5741958e+00
  -2.5744530e+00
  -2.5735429e+00
  -2.5733373e+00
  -2.5724851e+00
  -2.5724844e+00
  -2.5724547e+00
  -2.5717362e+00
  -2.5716313e+00
  -2.5714211e+00
  -2.5677769e+00
  -2.5605453e+00
  -2.5618327e+00
  -2.5611610e+00
  -2.5610559e+00
  -2.5613394e+00
  -2.5614205e+00
  -2.5600233e+00
  -2.5592119e+00
  -2.5590663e+00
  -2.5588083e+00
  -2.5588597e+00
  -2.5579881e+00
  -2.5578260e+00
  -2.5591281e+00
  -2.5578321e+00
  -2.5585608e+00
  -2.5575101e+00
  -2.5575025e+00
  -2.5545165e+00
  -2.5552496e+00
  -2.5552838e+00
  -2.5546928e+00
  -2.5563524e+00
  -2.5570756e+00
  -2.5576715e+00
  -2.5581513e+00
  -2.5579105e+00
  -2.5591401e+00
  -2.5582620e+00
  -2.5578651e+00
  -2.5577405e+00
  -2.5571489e+00
  -2.5570777e+00
  -2.5570720e+00
  -2.5566687e+00
  -2.5582876e+00
  -2.5576509e+00
  -2.5575501e+00
  -2.5577924e+00
  -2.5606299e+00
  -2.5734319e+00
  -2.6153050e+00
  -2.6638971e+00
  -2.7176633e+00
  -2.7494471e+00
  -2.7967062e+00
  -2.8380079e+00
  -2.8678803e+00
  -2.9133632e+00
  -2.9580109e+00
  -2.9994131e+00
  -3.0336133e+00
  -3.0670339e+00
  -3.1097014e+00
  -3.1373071e+00
   3.0999627e+00
   3.0670319e+00
   3.0544848e+00
   3.0508239e+00
   3.0489842e+00
   3.0470024e+00
   3.0462584e+00
   3.0445724e+00
   3.0445639e+00
   3.0434609e+00
   3.0414274e+00
   3.0224852e+00
   2.9756266e+00
   2.9390890e+00
   2.8989098e+00
   2.8690379e+00
   2.8261058e+00
   2.7885612e+00
   2.7509876e+00
   2.7187643e+00
   2.6690470e+00
   2.6370634e+00
   2.5954625e+00
   2.5625721e+00
   2.5256289e+00
   2.4978040e+00
   2.4733284e+00
   2.4488527e+00
   2.4230889e+00
   2.3973252e+00
   2.3715613e+00
   2.3460551e+00
   2.3202913e+00
   2.2945275e+00
   2.2661873e+00
   2.2432575e+00
   2.2177514e+00
   2.1919875e+00
   2.1662237e+00
   2.1407176e+00
   2.1149537e+00
   2.0891899e+00
   2.0636837e+00
   2.0383171e+00
   2.0368638e+00
   2.0358377e+00
   2.0309377e+00
   2.0074891e+00
   1.9723655e+00
   1.9340754e+00
   1.8841692e+00
   1.8393979e+00
   1.8059031e+00
   1.7665364e+00
   1.7316424e+00
   1.6937315e+00
   1.6467777e+00
   1.5915763e+00
   1.5471586e+00
   1.5080865e+00
   1.4553428e+00
   1.4177135e+00
   1.3735447e+00
   1.3284977e+00
   1.2753045e+00
   1.2361746e+00
   1.2009772e+00
   1.1628455e+00
   1.1190404e+00
   1.0923817e+00
   1.0470645e+00
   1.0126486e+00
   9.7158361e-01
   9.3733551e-01
   8.8673518e-01
   8.5584587e-01
   8.3899760e-01
   8.3510056e-01
   8.3250785e-01
   8.3098420e-01
   8.2753197e-01
   8.1332328e-01
   7.7039232e-01
   7.3967184e-01
   6.8610137e-01
   6.5644940e-01
   6.0566210e-01
   5.6542286e-01
   5.3243243e-01
   4.9126119e-01
   4.6940155e-01
   4.6489529e-01
   4.6124234e-01
   4.5828692e-01
   4.5647185e-01
   4.5387566e-01
   4.3763684e-01
   4.0133996e-01
   3.6378388e-01
   3.2718584e-01
   2.9197162e-01
   2.5153488e-01
   2.3614897e-01
   2.2576666e-01
   2.1504170e-01
   2.1799608e-01
   2.1795541e-01
   2.1749538e-01
   2.1646491e-01
   2.1597998e-01
   2.1567063e-01
   2.1577635e-01
   2.1556812e-01
   2.1267528e-01
   2.1029234e-01
   2.0849176e-01
   2.0842693e-01
   2.0825665e-01
   1.9736131e-01
   1.6627113e-01
   1.3143684e-01
   9.5318169e-02
   6.0763029e-02
   3.9459427e-02
   3.4784907e-02
   3.1442326e-02
   2.8691944e-02
   2.7503475e-02
   2.7573299e-02
   2.5803859e-02
   2.4868612e-02
   2.4599548e-02
   2.3937165e-02
   2.1022341e-02
   1.9555304e-02
   1.8778499e-02
   1.8622630e-02
   1.8872971e-02
   1.8994110e-02
   1.8387263e-02
   1.7527290e-02
   9.5020074e-03
  -2.0363014e-02
  -6.1234799e-02
  -9.6199365e-02
  -1.3163265e-01
  -1.5070174e-01
  -1.6044002e-01
  -1.6394136e-01
  -1.6739018e-01
  -1.6894743e-01
  -1.6848348e-01
  -1.7075680e-01
  -1.7142395e-01
  -1.7305464e-01
  -1.7446363e-01
  -1.7521697e-01
  -1.7561198e-01
  -1.7614575e-01
  -1.7602874e-01
  -1.7593145e-01
  -1.7996320e-01
  -2.0565933e-01
  -2.4221394e-01
  -2.7258077e-01
  -2.9578990e-01
  -3.0514113e-01
  -3.0811630e-01
  -3.1103900e-01
  -3.1314475e-01
  -3.1339504e-01
  -3.1584449e-01
  -3.1625522e-01
  -3.1712753e-01
  -3.1640106e-01
  -3.1606545e-01
  -3.1528898e-01
  -3.1565753e-01
  -3.1628449e-01
  -3.1623164e-01
  -3.1646250e-01
  -3.1638183e-01
  -3.1505608e-01
  -3.1559379e-01
  -3.1549309e-01
  -3.1556823e-01
  -3.1491378e-01
  -3.1528448e-01
  -3.1504100e-01
  -3.1547494e-01
  -3.1478362e-01
  -3.1427203e-01
  -3.1403394e-01
  -3.1367534e-01
  -3.1437601e-01
  -3.1431405e-01
  -3.1420582e-01
  -3.1427039e-01
  -3.1426927e-01
  -3.1483558e-01
  -3.1431120e-01
  -3.1386234e-01
  -3.1388546e-01
  -3.1336849e-01
  -3.1310714e-01
  -3.1313371e-01
  -3.1373831e-01
  -3.1376091e-01
  -3.1381199e-01
  -3.1393651e-01
  -3.1397427e-01
  -3.1435304e-01
  -3.1371302e-01
  -3.1400343e-01
  -3.1403248e-01
  -3.1379488e-01
  -3.1390286e-01
  -3.1370751e-01
  -3.1381684e-01
  -3.1345015e-01
  -3.1369129e-01
  -3.1428813e-01
  -3.1405799e-01
  -3.1417255e-01
  -3.1391750e-01
  -3.1458150e-01
  -3.1512178e-01
  -3.1578905e-01
  -3.1630022e-01
  -3.1701628e-01
  -3.1684616e-01
  -3.1716852e-01
  -3.1872138e-01
  -3.1948677e-01
  -3.2024606e-01
  -3.1781565e-01
  -3.1699922e-01
  -3.1698762e-01
  -3.1665958e-01
  -3.1865545e-01
  -3.3285044e-01
  -3.7554232e-01
  -4.1812109e-01
  -4.4818105e-01
  -4.8431882e-01
  -5.1797461e-01
  -5.2859624e-01
  -5.3281830e-01
  -5.3813720e-01
  -5.3861103e-01
  -5.3993793e-01
  -5.4318334e-01
  -5.5989191e-01
  -6.0847009e-01
  -6.4284470e-01
  -6.7907661e-01
  -7.2780433e-01
  -7.6303674e-01
  -7.9954493e-01
  -8.3706539e-01
  -8.7854696e-01
  -9.1748115e-01
  -9.5362379e-01
  -9.8150576e-01
  -9.9479045e-01
  -1.0000368e+00
  -1.0064770e+00
  -1.0088843e+00
  -1.0233066e+00
  -1.0642285e+00
  -1.1040472e+00
  -1.1585703e+00
  -1.2096509e+00
  -1.2552042e+00
  -1.2941186e+00
  -1.3372978e+00
  -1.3795767e+00
  -1.4347368e+00
  -1.4773338e+00
  -1.5191236e+00
  -1.5605732e+00
  -1.5998674e+00
  -1.6383463e+00
  -1.6659108e+00
  -1.7113656e+00
  -1.7195762e+00
  -1.7230785e+00
  -1.7263421e+00
  -1.7527113e+00
  -1.7875402e+00
  -1.8254125e+00
  -1.8738887e+00
  -1.9122410e+00
  -1.9583096e+00
  -1.9909242e+00
  -2.0334631e+00
  -2.0466237e+00
  -2.0504244e+00
  -2.0510628e+00
  -2.0538926e+00
  -2.0594837e+00
  -2.0729445e+00
  -2.1119332e+00
  -2.1522853e+00
  -2.2014336e+00
  -2.2462968e+00
  -2.2888509e+00
  -2.3352715e+00
  -2.3856088e+00
  -2.4351254e+00
  -2.4765723e+00
  -2.5305675e+00
  -2.5550426e+00
  -2.6125753e+00
  -2.6598192e+00
  -2.7009429e+00
  -2.7504018e+00
  -2.7853956e+00
  -2.8218987e+00
  -2.8619005e+00
  -2.8989349e+00
  -2.9509370e+00
  -2.9900561e+00
  -3.0145506e+00
  -3.0579353e+00
  -3.0746180e+00
  -3.0789297e+00
  -3.0795278e+00
  -3.0781882e+00
  -3.0802395e+00
  -3.0821883e+00
  -3.0840650e+00
  -3.0852788e+00
  -3.0872445e+00
  -3.0881128e+00
  -3.0878209e+00
  -3.0917049e+00
  -3.1014581e+00
  -3.1020488e+00
  -3.1020120e+00
  -3.1009202e+00
  -3.0996089e+00
  -3.0933320e+00
  -3.0666396e+00
  -3.0302731e+00
  -2.9875334e+00
  -2.9448378e+00
  -2.9316367e+00
  -2.9268362e+00
  -2.9218396e+00
  -2.9214700e+00
  -2.9193891e+00
  -2.9182484e+00
  -2.9170342e+00
  -2.9157106e+00
  -2.9142442e+00
  -2.9130374e+00
  -2.9121249e+00
  -2.9110985e+00
  -2.9021474e+00
  -2.8692739e+00
  -2.8288565e+00
  -2.7855079e+00
  -2.7706867e+00
  -2.7633229e+00
  -2.7607741e+00
  -2.7582416e+00
  -2.7572296e+00
  -2.7544007e+00
  -2.7548572e+00
  -2.7592055e+00
  -2.7811355e+00
  -2.8242106e+00
  -2.8554401e+00
  -2.8966389e+00
  -2.9392756e+00
  -2.9570069e+00
  -2.9650607e+00
  -2.9676122e+00
  -2.9709054e+00
  -2.9740960e+00
  -2.9745402e+00
  -2.9755009e+00
  -2.9765487e+00
  -2.9764014e+00
  -2.9773554e+00
  -2.9804991e+00
  -2.9798421e+00
  -2.9795806e+00
  -2.9800881e+00
  -2.9792751e+00
  -2.9854556e+00
  -3.0115168e+00
  -3.0504928e+00
  -3.0941810e+00
  -3.1294479e+00
   3.1343002e+00
   3.1211676e+00
   3.1182591e+00
   3.1076933e+00
   3.0702865e+00
   3.0351912e+00
   2.9928774e+00
   2.9367483e+00
   2.9015058e+00
   2.8629540e+00
   2.8346105e+00
   2.8264506e+00
   2.8235940e+00
   2.8208417e+00
   2.8198538e+00
   2.8104107e+00
   2.7836034e+00
   2.7403746e+00
   2.7001171e+00
   2.6646703e+00
   2.6254459e+00
   2.5892465e+00
   2.5598963e+00
   2.5184616e+00
   2.4769450e+00
   2.4433718e+00
   2.4160849e+00
   2.3880495e+00
   2.3759749e+00
   2.3736702e+00
   2.3643998e+00
   2.3641396e+00
   2.3639410e+00
   2.3669825e+00
   2.3669190e+00
   2.3677313e+00
   2.3666437e+00
   2.3658394e+00
   2.3645012e+00
   2.3633170e+00
   2.3618137e+00
   2.3601565e+00
   2.3702931e+00
   2.4146660e+00
   2.4598905e+00
   2.4932765e+00
   2.5288604e+00
   2.5663718e+00
   2.5927498e+00
   2.6044393e+00
   2.6078577e+00
   2.6094937e+00
   2.6117969e+00
   2.6134215e+00
   2.6148441e+00
   2.6171969e+00
   2.6231797e+00
   2.6428485e+00
   2.6925112e+00
   2.7279335e+00
   2.7630292e+00
   2.7971465e+00
   2.8365520e+00
   2.8684246e+00
   2.8770886e+00
   2.8809943e+00
   2.8830284e+00
   2.8850954e+00
   2.8867631e+00
   2.8885569e+00
   2.8901292e+00
   2.8957872e+00
   2.9153131e+00
   2.9557447e+00
   2.9914807e+00
   3.0294070e+00
   3.0747378e+00
   3.1143962e+00
  -3.1370394e+00
  -3.0859335e+00
  -3.0527658e+00
  -3.0289272e+00
  -3.0151735e+00
  -3.0106513e+00
  -3.0085324e+00
  -3.0074020e+00
  -3.0065186e+00
  -2.9980801e+00
  -2.9742274e+00
  -2.9341579e+00
  -2.8994127e+00
  -2.8597857e+00
  -2.8305055e+00
  -2.8161436e+00
  -2.8127896e+00
  -2.8103972e+00
  -2.8107310e+00
  -2.8091725e+00
  -2.8070427e+00
  -2.8059880e+00
  -2.8051306e+00
  -2.8016050e+00
  -2.7843924e+00
  -2.7390392e+00
  -2.7077761e+00
  -2.6687240e+00
  -2.6394194e+00
  -2.6272050e+00
  -2.6246176e+00
  -2.6214391e+00
  -2.6197192e+00
  -2.6189815e+00
  -2.6173275e+00
  -2.6163157e+00
  -2.6147344e+00
  -2.6135341e+00
  -2.6134946e+00
  -2.6125835e+00
  -2.6122711e+00
  -2.6109152e+00
  -2.6095574e+00
  -2.6082161e+00
  -2.6096405e+00
  -2.6075356e+00
  -2.6070983e+00
  -2.6067950e+00
  -2.6058443e+00
  -2.6055194e+00
  -2.6077414e+00
  -2.6096996e+00
  -2.6091870e+00
  -2.6091830e+00
  -2.6089338e+00
  -2.6088003e+00
  -2.6081999e+00
  -2.6073738e+00
  -2.6062800e+00
  -2.6059650e+00
  -2.6054146e+00
  -2.6093226e+00
  -2.6096420e+00
  -2.6081244e+00
  -2.6076125e+00
  -2.6072282e+00
  -2.6075249e+00
  -2.6084963e+00
  -2.6169085e+00
  -2.6535981e+00
  -2.6915851e+00
  -2.7267821e+00
  -2.7634332e+00
  -2.7962332e+00
  -2.8436334e+00
  -2.8817573e+00
  -2.9122468e+00
  -2.9556472e+00
  -2.9927343e+00
  -3.0308474e+00
  -3.0713687e+00
  -3.1056810e+00
  -3.1346479e+00
   3.1054241e+00
   3.0586776e+00
   3.0272461e+00
   2.9947523e+00
   2.9567295e+00
   2.9355605e+00
   2.9307122e+00
   2.9284175e+00
   2.9272777e+00
   2.9259113e+00
   2.9257425e+00
   2.9254335e+00
   2.9243764e+00
   2.9240945e+00
   2.9226680e+00
   2.9123020e+00
   2.8691801e+00
   2.8232785e+00
   2.7904123e+00
   2.7511163e+00
   2.7121630e+00
   2.6729573e+00
   2.6296400e+00
   2.5953571e+00
   2.5588758e+00
   2.5162383e+00
   2.4743539e+00
   2.4395852e+00
   2.3946163e+00
   2.3630046e+00
   2.3228671e+00
   2.2730636e+00
   2.2352145e+00
   2.1990335e+00
   2.1576680e+00
   2.1028795e+00
   2.0776767e+00
   2.0340621e+00
   2.0001728e+00
   1.9826659e+00
   1.9742725e+00
   1.9727313e+00
   1.9714756e+00
   1.9692920e+00
   1.9692498e+00
   1.9683829e+00
   1.9682253e+00
   1.9673050e+00
   1.9666564e+00
   1.9658582e+00
   1.9588909e+00
   1.9278745e+00
   1.8782800e+00
   1.8352681e+00
   1.7869573e+00
   1.7503869e+00
   1.7121266e+00
   1.6762898e+00
   1.6571115e+00
   1.6522684e+00
   1.6504046e+00
   1.6497522e+00
   1.6484640e+00
   1.6478388e+00
   1.6357219e+00
   1.6342105e+00
   1.6339742e+00
   1.6329772e+00
   1.6250733e+00
   1.5840134e+00
   1.5510358e+00
   1.5167499e+00
   1.4778785e+00
   1.4486607e+00
   1.4081505e+00
   1.3747005e+00
   1.3363472e+00
   1.2932928e+00
   1.2507529e+00
   1.2125974e+00
   1.1668309e+00
   1.1227597e+00
   1.0686559e+00
   1.0271205e+00
   9.8084827e-01
   9.2852293e-01
   8.8052704e-01
   8.4260082e-01
   8.0352666e-01
   7.6565900e-01
   7.4238820e-01
   7.3543595e-01
   7.3257013e-01
   7.2920199e-01
   7.2344953e-01
   6.9437701e-01
   6.6118834e-01
   6.1703874e-01
   5.8219627e-01
   5.3455843e-01
   5.0243569e-01
   4.6693055e-01
   4.1832101e-01
   3.8611942e-01
   3.4927645e-01
   3.0786768e-01
   2.6001277e-01
   2.1057203e-01
   1.6018368e-01
   1.1405155e-01
   8.1001257e-02
   4.5974376e-02
   2.1501380e-02
   1.2520619e-02
   1.1620491e-02
   6.0201580e-03
   4.5053322e-03
   2.6238612e-03
   5.9242496e-04
   6.2268270e-04
  -8.7115141e-04
  -1.2970526e-03
  -3.4302931e-03
  -3.1495714e-03
  -3.1985596e-03
  -2.5764578e-03
  -3.0737830e-03
  -3.4464333e-03
  -3.0903505e-03
  -2.5127618e-03
  -2.6127541e-03
  -6.7001034e-04
  -1.1618588e-03
  -2.5300039e-03
  -2.1215458e-03
  -2.1792679e-03
  -2.8417420e-03
  -2.4752902e-03
  -2.7831298e-03
  -3.1029194e-03
  -2.5952940e-03
  -2.6149075e-03
  -3.0198451e-03
  -3.8775833e-03
  -3.8666363e-03
  -4.1152832e-03
  -5.0551219e-03
  -4.7390417e-03
  -8.1959216e-03
  -9.1237603e-03
  -9.9220257e-03
  -1.1114043e-02
  -1.0754030e-02
  -1.0078312e-02
  -9.5077588e-03
  -9.2230243e-03
  -9.0728103e-03
  -9.4302330e-03
  -9.0998438e-03
  -9.5294845e-03
  -9.5870134e-03
  -9.9910901e-03
  -1.0754241e-02
  -1.0274152e-02
  -1.0646698e-02
  -1.0344221e-02
  -1.0602787e-02
  -1.0893528e-02
  -1.0240574e-02
  -9.7840875e-03
  -9.7170859e-03
  -9.3673357e-03
  -9.3706934e-03
  -9.6670006e-03
  -9.6397820e-03
  -9.8197936e-03
  -9.8675728e-03
  -9.7641653e-03
  -8.8704245e-03
  -8.6112251e-03
  -8.2426851e-03
  -7.8952414e-03
  -8.0875200e-03
  -7.1052679e-03
  -8.3480722e-03
  -7.4588690e-03
  -7.1341913e-03
  -5.8792905e-03
  -5.4147713e-03
  -5.5460710e-03
  -5.2632306e-03
  -5.1503823e-03
  -4.7167124e-03
  -4.9616110e-03
  -4.7471791e-03
  -4.9922830e-03
  -5.0844390e-03
  -4.0399544e-03
  -3.8416124e-03
  -1.0288791e-03
   1.0867065e-02
   4.9622195e-02
   8.6048448e-02
   1.2043653e-01
   1.5982706e-01
   2.0964976e-01
   2.4819314e-01
   2.9028727e-01
   3.3118969e-01
   3.7896708e-01
   4.0035046e-01
   4.1570500e-01
   4.1848450e-01
   4.2175847e-01
   4.2303180e-01
   4.2477379e-01
   4.2599765e-01
   4.2739697e-01
   4.3212410e-01
   4.4467688e-01
   4.8063146e-01
   5.2260269e-01
   5.6424620e-01
   5.9142269e-01
   6.0421404e-01
   6.0854890e-01
   6.1143484e-01
   6.1379314e-01
   6.1515026e-01
   6.1689998e-01
   6.1853388e-01
   6.1868037e-01
   6.1971406e-01
   6.2125606e-01
   6.2171644e-01
   6.2234780e-01
   6.2326064e-01
   6.2441648e-01
   6.2247720e-01
   6.1210138e-01
   5.7281301e-01
   5.4498947e-01
   5.0377864e-01
   4.6102559e-01
   4.2224426e-01
   4.1091888e-01
   4.0797735e-01
   4.0476561e-01
   4.0330015e-01
   4.0223156e-01
   3.9816039e-01
   3.8447409e-01
   3.4516917e-01
   3.0538628e-01
   2.5675679e-01
   2.0390112e-01
   1.5567084e-01
   1.1479301e-01
   7.2448778e-02
   2.7206839e-02
  -1.4154181e-02
  -5.7308934e-02
  -1.0220868e-01
  -1.5231126e-01
  -1.9260189e-01
  -2.2604146e-01
  -2.4240605e-01
  -2.4626467e-01
  -2.4809185e-01
  -2.5006190e-01
  -2.5130970e-01
  -2.5224651e-01
  -2.5315005e-01
  -2.5423977e-01
  -2.5450101e-01
  -2.5535778e-01
  -2.6700428e-01
  -3.0720118e-01
  -3.4284448e-01
  -3.8148553e-01
  -4.1409416e-01
  -4.4965717e-01
  -4.8726343e-01
  -5.1708015e-01
  -5.6577162e-01
  -5.9857380e-01
  -6.3796081e-01
  -6.7711431e-01
  -7.1860544e-01
  -7.5444130e-01
  -7.9937007e-01
  -8.4447856e-01
  -8.8470543e-01
  -9.2332439e-01
  -9.6723759e-01
  -9.9994099e-01
  -1.0366735e+00
  -1.0793349e+00
  -1.1244596e+00
  -1.1624085e+00
  -1.2083975e+00
  -1.2541480e+00
  -1.2911436e+00
  -1.3384854e+00
  -1.3878013e+00
  -1.4282227e+00
  -1.4707753e+00
  -1.5088942e+00
  -1.5498266e+00
  -1.5835131e+00
  -1.6320127e+00
  -1.6637331e+00
  -1.6997872e+00
  -1.7570163e+00
  -1.8045005e+00
  -1.8445237e+00
  -1.8913858e+00
  -1.9369258e+00
