   3.0197561e+00
   3.0196064e+00
   3.0194739e+00
   3.0196267e+00
   3.0195050e+00
   3.0196917e+00
   3.0195485e+00
   3.0196007e+00
   3.0195222e+00
   3.0195152e+00
   3.0196258e+00
   3.0195752e+00
   3.0196280e+00
   3.0195988e+00
   3.0195635e+00
   3.0194763e+00
   3.0196261e+00
   3.0195840e+00
   3.0196544e+00
   3.0195897e+00
   3.0195365e+00
   3.0195465e+00
   3.0195121e+00
   3.0196512e+00
   3.0195916e+00
   3.0196306e+00
   3.0195450e+00
   3.0195269e+00
   3.0195224e+00
   3.0196357e+00
   3.0196131e+00
   3.0196674e+00
   3.0195754e+00
   3.0194808e+00
   3.0195877e+00
   3.0195277e+00
   3.0196857e+00
   3.0195739e+00
   3.0196056e+00
   3.0195363e+00
   3.0194937e+00
   3.0195597e+00
   3.0196152e+00
   3.0195771e+00
   3.0195942e+00
   3.0195331e+00
   3.0195404e+00
   3.0195432e+00
   3.0196362e+00
   3.0196004e+00
   3.0195550e+00
   3.0196158e+00
   3.0194535e+00
   3.0196070e+00
   3.0196394e+00
   3.0195987e+00
   3.0196552e+00
   3.0194813e+00
   3.0195547e+00
   3.0195491e+00
   3.0196209e+00
   3.0196299e+00
   3.0196861e+00
   3.0195651e+00
   3.0195263e+00
   3.0194917e+00
   3.0195359e+00
   3.0196356e+00
   3.0195525e+00
   3.0195596e+00
   3.0195076e+00
   3.0194868e+00
   3.0195345e+00
   3.0195881e+00
   3.0195658e+00
   3.0196324e+00
   3.0195253e+00
   3.0194803e+00
   3.0195845e+00
   3.0195820e+00
   3.0196238e+00
   3.0196026e+00
   3.0195461e+00
   3.0195040e+00
   3.0195533e+00
   3.0195957e+00
   3.0196085e+00
   3.0195696e+00
   3.0194995e+00
   3.0195182e+00
   3.0195056e+00
   3.0195632e+00
   3.0195713e+00
   3.0195657e+00
   3.0194410e+00
   3.0195296e+00
   3.0194514e+00
   3.0195866e+00
   3.0196184e+00
   3.0196145e+00
   3.0195429e+00
   3.0195092e+00
   3.0195478e+00
   3.0195768e+00
   3.0196363e+00
   3.0196135e+00
   3.0195665e+00
   3.0195418e+00
   3.0195203e+00
   3.0195454e+00
   3.0196762e+00
   3.0196548e+00
   3.0195836e+00
   3.0195183e+00
   3.0195195e+00
   3.0195608e+00
   3.0196097e+00
   3.0196432e+00
   3.0195618e+00
   3.0195806e+00
   3.0195108e+00
   3.0195943e+00
   3.0196122e+00
   3.0196240e+00
   3.0195770e+00
   3.0195358e+00
   3.0195580e+00
   3.0195264e+00
   3.0196801e+00
   3.0195962e+00
   3.0196626e+00
   3.0195308e+00
   3.0195389e+00
   3.0195239e+00
   3.0196401e+00
   3.0196317e+00
   3.0196059e+00
   3.0195956e+00
   3.0194666e+00
   3.0195748e+00
   3.0195886e+00
   3.0196383e+00
   3.0196514e+00
   3.0195607e+00
   3.0195343e+00
   3.0195206e+00
   3.0196105e+00
   3.0196312e+00
   3.0195952e+00
   3.0195990e+00
   3.0195503e+00
   3.0195122e+00
   3.0195800e+00
   3.0188253e+00
   3.0121791e+00
   3.0032459e+00
   2.9948196e+00
   2.9804318e+00
   2.9624898e+00
   2.9497230e+00
   2.9271252e+00
   2.9127366e+00
   2.9000453e+00
   2.8936458e+00
   2.8844660e+00
   2.8797984e+00
   2.8799639e+00
   2.8804488e+00
   2.8806807e+00
   2.8807429e+00
   2.8807726e+00
   2.8807555e+00
   2.8808106e+00
   2.8808166e+00
   2.8807737e+00
   2.8807261e+00
   2.8807383e+00
   2.8808256e+00
   2.8808542e+00
   2.8807577e+00
   2.8808216e+00
   2.8807465e+00
   2.8806344e+00
   2.8805784e+00
   2.8806109e+00
   2.8807226e+00
   2.8805776e+00
   2.8805792e+00
   2.8805887e+00
   2.8806854e+00
   2.8806799e+00
   2.8806320e+00
   2.8806051e+00
   2.8806486e+00
   2.8805715e+00
   2.8806243e+00
   2.8806401e+00
   2.8806578e+00
   2.8806357e+00
   2.8805768e+00
   2.8805855e+00
   2.8806076e+00
   2.8806404e+00
   2.8806028e+00
   2.8806280e+00
   2.8805726e+00
   2.8806151e+00
   2.8805995e+00
   2.8806731e+00
   2.8806957e+00
   2.8806054e+00
   2.8806375e+00
   2.8806040e+00
   2.8806471e+00
   2.8805745e+00
   2.8806316e+00
   2.8806806e+00
   2.8805560e+00
   2.8806106e+00
   2.8805839e+00
   2.8806461e+00
   2.8806356e+00
   2.8806138e+00
   2.8806488e+00
   2.8805852e+00
   2.8806739e+00
   2.8806299e+00
   2.8806273e+00
   2.8805831e+00
   2.8805761e+00
   2.8805770e+00
   2.8805589e+00
   2.8806647e+00
   2.8806567e+00
   2.8806314e+00
   2.8805610e+00
   2.8806115e+00
   2.8805345e+00
   2.8806021e+00
   2.8806593e+00
   2.8805772e+00
   2.8805970e+00
   2.8805828e+00
   2.8805616e+00
   2.8805657e+00
   2.8806524e+00
   2.8805953e+00
   2.8806333e+00
   2.8806020e+00
   2.8804605e+00
   2.8805372e+00
   2.8806241e+00
   2.8805858e+00
   2.8806303e+00
   2.8805754e+00
   2.8805731e+00
   2.8805579e+00
   2.8805603e+00
   2.8806386e+00
   2.8806085e+00
   2.8806016e+00
   2.8805784e+00
   2.8805978e+00
   2.8805820e+00
   2.8806053e+00
   2.8806364e+00
   2.8805492e+00
   2.8805584e+00
   2.8805445e+00
   2.8805917e+00
   2.8806058e+00
   2.8806056e+00
   2.8805874e+00
   2.8804935e+00
   2.8805560e+00
   2.8805768e+00
   2.8805973e+00
   2.8806290e+00
   2.8806236e+00
   2.8805116e+00
   2.8805500e+00
   2.8805634e+00
   2.8806076e+00
   2.8806822e+00
   2.8805855e+00
   2.8806042e+00
   2.8805350e+00
   2.8805625e+00
   2.8805801e+00
   2.8806321e+00
   2.8806427e+00
   2.8806217e+00
   2.8805435e+00
   2.8805530e+00
   2.8806352e+00
   2.8806637e+00
   2.8806369e+00
   2.8806260e+00
   2.8805961e+00
   2.8805626e+00
   2.8806055e+00
   2.8806188e+00
   2.8806706e+00
   2.8806291e+00
   2.8805610e+00
   2.8806202e+00
   2.8805737e+00
   2.8806766e+00
   2.8806231e+00
   2.8806653e+00
   2.8806064e+00
   2.8805451e+00
   2.8805740e+00
   2.8805994e+00
   2.8806283e+00
   2.8806310e+00
   2.8805934e+00
   2.8805654e+00
   2.8805306e+00
   2.8805638e+00
   2.8806093e+00
   2.8805738e+00
   2.8806053e+00
   2.8804808e+00
   2.8805053e+00
   2.8805876e+00
   2.8805678e+00
   2.8806306e+00
   2.8806277e+00
   2.8805669e+00
   2.8805004e+00
   2.8804083e+00
   2.8805748e+00
   2.8806346e+00
   2.8805811e+00
   2.8805418e+00
   2.8805841e+00
   2.8805625e+00
   2.8805578e+00
   2.8806285e+00
   2.8806037e+00
   2.8805104e+00
   2.8804938e+00
   2.8805435e+00
   2.8805539e+00
   2.8806313e+00
   2.8805603e+00
   2.8805974e+00
   2.8806193e+00
   2.8804746e+00
   2.8805729e+00
   2.8806366e+00
   2.8806274e+00
   2.8805604e+00
   2.8805208e+00
   2.8805117e+00
   2.8806478e+00
   2.8806451e+00
   2.8805647e+00
   2.8806391e+00
   2.8805861e+00
   2.8805366e+00
   2.8805832e+00
   2.8806361e+00
   2.8806787e+00
   2.8806202e+00
   2.8805336e+00
   2.8805968e+00
   2.8805969e+00
   2.8805651e+00
   2.8806181e+00
   2.8805629e+00
   2.8805229e+00
   2.8805806e+00
   2.8805238e+00
   2.8805408e+00
   2.8806048e+00
   2.8805457e+00
   2.8805525e+00
   2.8805399e+00
   2.8805312e+00
   2.8805612e+00
   2.8806539e+00
   2.8805374e+00
   2.8805306e+00
   2.8805394e+00
   2.8805423e+00
   2.8806023e+00
   2.8806494e+00
   2.8806622e+00
   2.8806834e+00
   2.8806509e+00
   2.8806501e+00
   2.8807912e+00
   2.8807590e+00
   2.8807215e+00
   2.8807439e+00
   2.8805842e+00
   2.8806823e+00
   2.8806898e+00
   2.8805333e+00
   2.8805666e+00
   2.8806057e+00
   2.8804794e+00
   2.8804941e+00
   2.8806000e+00
   2.8806234e+00
   2.8806077e+00
   2.8805596e+00
   2.8805476e+00
   2.8804806e+00
   2.8805263e+00
   2.8806092e+00
   2.8806142e+00
   2.8804940e+00
   2.8805251e+00
   2.8804346e+00
   2.8804868e+00
   2.8806414e+00
   2.8805457e+00
   2.8805787e+00
   2.8804563e+00
   2.8804187e+00
   2.8804779e+00
   2.8805190e+00
   2.8805287e+00
   2.8805291e+00
   2.8804735e+00
   2.8803930e+00
   2.8805295e+00
   2.8804941e+00
   2.8805996e+00
   2.8805987e+00
   2.8804865e+00
   2.8804684e+00
   2.8805105e+00
   2.8805074e+00
   2.8806402e+00
   2.8806165e+00
   2.8805666e+00
   2.8805468e+00
   2.8804354e+00
   2.8805252e+00
   2.8805843e+00
   2.8805913e+00
   2.8805627e+00
   2.8805504e+00
   2.8804058e+00
   2.8805025e+00
   2.8806151e+00
   2.8805512e+00
   2.8806202e+00
   2.8803973e+00
   2.8804462e+00
   2.8805949e+00
   2.8804826e+00
   2.8806371e+00
   2.8806368e+00
   2.8805908e+00
   2.8805044e+00
   2.8804676e+00
   2.8805836e+00
   2.8806272e+00
   2.8805114e+00
   2.8805558e+00
   2.8804119e+00
   2.8804139e+00
   2.8804381e+00
   2.8806176e+00
   2.8806402e+00
   2.8805908e+00
   2.8805863e+00
   2.8804807e+00
   2.8806208e+00
   2.8805644e+00
   2.8806138e+00
   2.8806279e+00
   2.8805700e+00
   2.8805368e+00
   2.8805730e+00
   2.8806260e+00
   2.8806510e+00
   2.8806250e+00
   2.8805051e+00
   2.8805987e+00
   2.8805372e+00
   2.8806157e+00
   2.8805876e+00
   2.8807144e+00
   2.8805530e+00
   2.8804738e+00
   2.8806205e+00
   2.8805720e+00
   2.8806568e+00
   2.8804977e+00
   2.8805843e+00
   2.8805465e+00
   2.8805372e+00
   2.8806303e+00
   2.8805916e+00
   2.8805723e+00
   2.8806246e+00
   2.8805711e+00
   2.8805089e+00
   2.8806109e+00
   2.8805325e+00
   2.8806062e+00
   2.8806273e+00
   2.8805477e+00
   2.8805078e+00
   2.8805950e+00
   2.8805637e+00
   2.8806309e+00
   2.8805976e+00
   2.8804228e+00
   2.8805393e+00
   2.8805861e+00
   2.8804382e+00
   2.8805761e+00
   2.8806416e+00
   2.8804319e+00
   2.8805870e+00
   2.8805033e+00
   2.8805250e+00
   2.8805712e+00
   2.8804848e+00
   2.8805696e+00
   2.8805656e+00
   2.8805665e+00
   2.8806170e+00
   2.8805867e+00
   2.8805540e+00
   2.8805672e+00
   2.8805910e+00
   2.8806064e+00
   2.8807189e+00
   2.8808575e+00
   2.8807640e+00
   2.8807979e+00
   2.8807009e+00
   2.8808306e+00
   2.8806768e+00
   2.8804753e+00
   2.8806390e+00
   2.8806612e+00
   2.8807128e+00
   2.8806665e+00
   2.8805836e+00
   2.8806383e+00
   2.8807829e+00
   2.8807566e+00
   2.8807125e+00
   2.8807726e+00
   2.8806308e+00
   2.8806168e+00
   2.8806617e+00
   2.8805588e+00
   2.8805708e+00
   2.8806323e+00
   2.8806348e+00
   2.8806594e+00
   2.8806029e+00
   2.8806167e+00
   2.8805979e+00
   2.8804808e+00
   2.8806641e+00
   2.8806013e+00
   2.8806153e+00
   2.8805867e+00
   2.8805610e+00
   2.8805654e+00
   2.8807202e+00
   2.8807234e+00
   2.8807982e+00
   2.8807670e+00
   2.8807208e+00
   2.8807098e+00
   2.8791250e+00
   2.8728509e+00
   2.8648343e+00
   2.8526466e+00
   2.8389027e+00
   2.8219501e+00
   2.8039765e+00
   2.7776910e+00
   2.7605734e+00
   2.7334521e+00
   2.7016507e+00
   2.6666187e+00
   2.6358243e+00
   2.6024809e+00
   2.5753847e+00
   2.5177155e+00
   2.4699851e+00
   2.4259331e+00
   2.3817462e+00
   2.3390999e+00
   2.2958778e+00
   2.2528290e+00
   2.2061915e+00
   2.1647898e+00
   2.1236512e+00
   2.0793154e+00
   2.0458965e+00
   1.9872676e+00
   1.9451381e+00
   1.9111355e+00
   1.8604825e+00
   1.8140158e+00
   1.7820615e+00
   1.7376855e+00
   1.6979530e+00
   1.6624567e+00
   1.6292295e+00
   1.6029224e+00
   1.5742145e+00
   1.5530328e+00
   1.5353158e+00
   1.5129968e+00
   1.4989217e+00
   1.4857769e+00
   1.4762501e+00
   1.4693510e+00
   1.4630508e+00
   1.4530187e+00
   1.4373632e+00
   1.4191772e+00
   1.4012842e+00
   1.3780650e+00
   1.3569171e+00
   1.3309253e+00
   1.3062746e+00
   1.2885807e+00
   1.2625762e+00
   1.2367668e+00
   1.2087197e+00
   1.1741665e+00
   1.1317906e+00
   1.0980973e+00
   1.0589277e+00
   1.0238009e+00
   9.7899282e-01
   9.2819340e-01
   8.8524360e-01
   8.4650363e-01
   8.0868680e-01
   7.7056080e-01
   7.4029256e-01
   7.1115649e-01
   6.8362328e-01
   6.5310507e-01
   6.3232091e-01
   6.1430268e-01
   5.9488084e-01
   5.8227997e-01
   5.7193947e-01
   5.6126584e-01
   5.5353070e-01
   5.3978840e-01
   5.2040152e-01
   5.0546923e-01
   4.8394480e-01
   4.6368138e-01
   4.3599950e-01
   4.1067467e-01
   3.9505553e-01
   3.6489329e-01
   3.2938160e-01
   2.7359737e-01
   2.2860790e-01
   1.8771069e-01
   1.4043089e-01
   1.0579184e-01
   6.8660013e-02
   4.1953200e-02
   1.3163310e-02
  -1.6115364e-02
  -4.6728583e-02
  -7.6485400e-02
  -9.1845694e-02
  -1.0507706e-01
  -1.2156091e-01
  -1.3565425e-01
  -1.5127933e-01
  -1.7591760e-01
  -1.8897866e-01
  -2.1695601e-01
  -2.4806790e-01
  -2.7007435e-01
  -2.8692549e-01
  -3.0340740e-01
  -3.1792205e-01
  -3.2815178e-01
  -3.5194177e-01
  -3.6785772e-01
  -3.9791382e-01
  -4.2029566e-01
  -4.5386857e-01
  -4.8731310e-01
  -5.2986114e-01
  -5.6045277e-01
  -5.9550286e-01
  -6.3145229e-01
  -6.5666073e-01
  -6.8457311e-01
  -7.0176544e-01
  -7.1624299e-01
  -7.3896892e-01
  -7.5397683e-01
  -7.6539749e-01
  -7.7352240e-01
  -7.7970265e-01
  -7.8432247e-01
  -7.8896021e-01
  -7.8973554e-01
  -7.8934569e-01
  -7.9087885e-01
  -7.9176616e-01
  -7.9322981e-01
  -7.9573046e-01
  -7.9522270e-01
  -7.9473903e-01
  -7.9454985e-01
  -7.9274108e-01
  -7.9363405e-01
  -7.9441430e-01
  -7.9451680e-01
  -7.9435738e-01
  -7.9411032e-01
  -7.9311427e-01
  -7.9048852e-01
  -7.8884045e-01
  -7.8735218e-01
  -7.8607215e-01
  -7.8466966e-01
  -7.8349577e-01
  -7.8320109e-01
  -7.8308805e-01
  -7.8307733e-01
  -7.7906116e-01
  -7.8123588e-01
  -7.7996751e-01
  -7.7515498e-01
  -7.7083050e-01
  -7.6868399e-01
  -7.6841281e-01
  -7.6383846e-01
  -7.5913722e-01
  -7.5326810e-01
  -7.4851041e-01
  -7.4202039e-01
  -7.3611636e-01
  -7.2816093e-01
  -7.2062559e-01
  -7.1105998e-01
  -7.0153730e-01
  -6.8922127e-01
  -6.7667746e-01
  -6.6168055e-01
  -6.4610185e-01
  -6.2758645e-01
  -6.1025860e-01
  -5.9179100e-01
  -5.7202010e-01
  -5.5397530e-01
  -5.2850834e-01
  -5.0214849e-01
  -4.7806813e-01
  -4.5026976e-01
  -4.2262007e-01
  -3.9264408e-01
  -3.6653659e-01
  -3.4376183e-01
  -3.2567617e-01
  -3.0061013e-01
  -2.7255222e-01
  -2.4035135e-01
  -2.0859007e-01
  -1.7511920e-01
  -1.4094950e-01
  -1.0084323e-01
  -6.4600638e-02
  -2.1377784e-02
   1.1728945e-02
   5.2134896e-02
   9.4714321e-02
   1.2638358e-01
   1.5941161e-01
   2.1035965e-01
   2.5010405e-01
   2.8700239e-01
   3.2367402e-01
   3.5497628e-01
   3.7524887e-01
   4.1058848e-01
   4.4517821e-01
   4.7510291e-01
   5.1521459e-01
   5.4881761e-01
   5.8597210e-01
   6.2794065e-01
   6.5921953e-01
   7.0716808e-01
   7.4227903e-01
   7.8126510e-01
   8.0788952e-01
   8.5248487e-01
   8.8922684e-01
   9.0934410e-01
   9.4164910e-01
   9.5795044e-01
   1.0106783e+00
   1.0495034e+00
   1.0896720e+00
   1.1308379e+00
   1.1652812e+00
   1.2219026e+00
   1.2607735e+00
   1.2926440e+00
   1.3480274e+00
   1.3848592e+00
   1.4217718e+00
   1.4715309e+00
   1.5044012e+00
   1.5600691e+00
   1.5884142e+00
   1.6452670e+00
   1.6888884e+00
   1.7207632e+00
   1.7669618e+00
   1.8153979e+00
   1.8579171e+00
   1.8907481e+00
   1.9213678e+00
   1.9568492e+00
   1.9775898e+00
   2.0075664e+00
   2.0390602e+00
   2.0553306e+00
   2.0827666e+00
   2.0977735e+00
   2.1140365e+00
   2.1258216e+00
   2.1376574e+00
   2.1436375e+00
   2.1474184e+00
   2.1503610e+00
   2.1507322e+00
   2.1481264e+00
   2.1484162e+00
   2.1482519e+00
   2.1478000e+00
   2.1480074e+00
   2.1478987e+00
   2.1479718e+00
   2.1480113e+00
   2.1488868e+00
   2.1497214e+00
   2.1499256e+00
   2.1519207e+00
   2.1574568e+00
   2.1656604e+00
   2.1743978e+00
   2.1846877e+00
   2.2006118e+00
   2.2203329e+00
   2.2397432e+00
   2.2670114e+00
   2.2883029e+00
   2.3125371e+00
   2.3390163e+00
   2.3774595e+00
   2.4130559e+00
   2.4543498e+00
   2.4975252e+00
   2.5207223e+00
   2.5549173e+00
   2.5949886e+00
   2.6304307e+00
   2.6599002e+00
   2.7050205e+00
   2.7420212e+00
   2.7928030e+00
   2.8350076e+00
   2.8778281e+00
   2.9293810e+00
   2.9661814e+00
   3.0153208e+00
   3.0552405e+00
   3.1145613e+00
   3.1516954e+00
   3.1984734e+00
   3.2415119e+00
   3.2871037e+00
   3.3323212e+00
   3.3790218e+00
   3.4261607e+00
   3.4761518e+00
   3.5226610e+00
   3.5475259e+00
   3.5851934e+00
   3.6232762e+00
   3.6656923e+00
   3.6884884e+00
   3.7284628e+00
   3.7666572e+00
   3.8046034e+00
   3.8374177e+00
   3.8713087e+00
   3.9004478e+00
   3.9276616e+00
   3.9738157e+00
   4.0069148e+00
   4.0407508e+00
   4.0719301e+00
   4.0990847e+00
   4.1397730e+00
   4.1753518e+00
   4.1950415e+00
   4.2130803e+00
   4.2309387e+00
   4.2489775e+00
   4.2670163e+00
   4.2848747e+00
   4.3029134e+00
   4.3183974e+00
   4.3197851e+00
   4.3309086e+00
   4.3339324e+00
   4.3350417e+00
   4.3344216e+00
   4.3340413e+00
   4.3341674e+00
   4.3340560e+00
   4.3341966e+00
   4.3353103e+00
   4.3386369e+00
   4.3484699e+00
   4.3581549e+00
   4.3686271e+00
   4.3813639e+00
   4.3956861e+00
   4.4131700e+00
   4.4316996e+00
   4.4541627e+00
   4.4700422e+00
   4.4888063e+00
   4.5022130e+00
   4.5104112e+00
   4.5178972e+00
   4.5253082e+00
   4.5327941e+00
   4.5402052e+00
   4.5480654e+00
   4.5555514e+00
   4.5626630e+00
   4.5700741e+00
   4.5775600e+00
   4.5849711e+00
   4.5924570e+00
   4.5998680e+00
   4.6073540e+00
   4.6148399e+00
   4.6227001e+00
   4.6297369e+00
   4.6372228e+00
   4.6447087e+00
   4.6562288e+00
   4.6621562e+00
   4.6754576e+00
   4.6861790e+00
   4.6903721e+00
   4.7034496e+00
   4.7114365e+00
   4.7252549e+00
   4.7313824e+00
   4.7382437e+00
   4.7516301e+00
   4.7531022e+00
   4.7680639e+00
   4.7704346e+00
   4.7785509e+00
   4.7822322e+00
   4.7825825e+00
   4.7946153e+00
   4.7949167e+00
   4.8016543e+00
   4.8037935e+00
   4.8051618e+00
   4.8052490e+00
   4.8053354e+00
   4.8153849e+00
   4.8225090e+00
   4.8296331e+00
   4.8366860e+00
   4.8438101e+00
   4.8508629e+00
   4.8579870e+00
   4.8651823e+00
   4.8720379e+00
   4.8752481e+00
   4.8773771e+00
   4.8993964e+00
   4.9077122e+00
   4.9151189e+00
   4.9156813e+00
   4.9446097e+00
   4.9534202e+00
   4.9543084e+00
   4.9631285e+00
   4.9711570e+00
   4.9731100e+00
   4.9735826e+00
   4.9767244e+00
   4.9829773e+00
   4.9906570e+00
   5.0021326e+00
   5.0054431e+00
   5.0209531e+00
   5.0388136e+00
   5.0647997e+00
   5.0758244e+00
   5.0866807e+00
   5.0946266e+00
   5.1005990e+00
   5.1045809e+00
   5.1051500e+00
   5.1086818e+00
   5.1162271e+00
   5.1246125e+00
   5.1354304e+00
   5.1522032e+00
   5.1695212e+00
   5.1886466e+00
   5.2119768e+00
   5.2427585e+00
   5.2733083e+00
   5.2884189e+00
   5.3139912e+00
   5.3168119e+00
   5.3913050e+00
   5.4534111e+00
   5.4867474e+00
   5.5204204e+00
   5.5537567e+00
   5.5877664e+00
   5.6109806e+00
   5.6567639e+00
   5.6886022e+00
   5.7291527e+00
   5.7732293e+00
   5.8235168e+00
   5.8647102e+00
   5.9089713e+00
   5.9527940e+00
   6.0131776e+00
   6.0606382e+00
   6.0816023e+00
   6.1022374e+00
   6.1651096e+00
   6.1961356e+00
   6.2357990e+00
   6.2652104e+00
   6.2996687e+00
   6.3356221e+00
   6.3748774e+00
   6.4218533e+00
   6.4643943e+00
   6.5043499e+00
   6.5454791e+00
   6.5942808e+00
   6.6268716e+00
   6.6794953e+00
   6.7132594e+00
   6.7607953e+00
   6.8049043e+00
   6.8480680e+00
   6.8838869e+00
   6.9249051e+00
   6.9780237e+00
   7.0083542e+00
   7.0633868e+00
   7.1000056e+00
   7.1404088e+00
   7.1478918e+00
   7.2037918e+00
   7.2480463e+00
   7.2788264e+00
   7.3158969e+00
   7.3297364e+00
   7.3555513e+00
   7.3748689e+00
   7.3943868e+00
   7.4099982e+00
   7.4286557e+00
   7.4473353e+00
   7.4695942e+00
   7.5005330e+00
   7.5310184e+00
   7.5560783e+00
   7.6013714e+00
   7.6407899e+00
   7.6732910e+00
   7.7184525e+00
   7.7497828e+00
   7.7769487e+00
   7.8259049e+00
   7.8617752e+00
   7.8917753e+00
   7.9265033e+00
   7.9582632e+00
   7.9818454e+00
   8.0101970e+00
   8.0295770e+00
   8.0466502e+00
   8.0676161e+00
   8.0853849e+00
   8.1090976e+00
   8.1242703e+00
   8.1585436e+00
   8.1908500e+00
   8.2248616e+00
   8.2586152e+00
   8.2868600e+00
   8.3312799e+00
   8.3728168e+00
   8.4254035e+00
   8.4584545e+00
   8.4905133e+00
   8.5202676e+00
   8.5480997e+00
   8.5739770e+00
   8.5975353e+00
   8.6317219e+00
   8.6565054e+00
   8.6755489e+00
   8.6984139e+00
   8.7195534e+00
   8.7414525e+00
   8.7588446e+00
   8.7747429e+00
   8.7942453e+00
   8.8099457e+00
   8.8280024e+00
   8.8379356e+00
   8.8509692e+00
   8.8633107e+00
   8.8707947e+00
   8.8764906e+00
   8.8828116e+00
   8.8857438e+00
   8.8888710e+00
   8.8903896e+00
   8.8904691e+00
   8.8893793e+00
   8.8872732e+00
   8.8847955e+00
   8.8817385e+00
   8.8789246e+00
   8.8747846e+00
   8.8713906e+00
   8.8661505e+00
   8.8586309e+00
   8.8520475e+00
   8.8442157e+00
   8.8374201e+00
   8.8262081e+00
   8.8134604e+00
   8.7999848e+00
   8.7835918e+00
   8.7629216e+00
   8.7453549e+00
   8.7240710e+00
   8.7019719e+00
   8.6808661e+00
   8.6543861e+00
   8.6293780e+00
   8.6015701e+00
   8.5823503e+00
   8.5550931e+00
   8.5333727e+00
   8.5132785e+00
   8.4929491e+00
   8.4756489e+00
   8.4583160e+00
   8.4459145e+00
   8.4340381e+00
   8.4225165e+00
   8.4121922e+00
   8.3979884e+00
   8.3747781e+00
   8.3521178e+00
   8.3277415e+00
   8.2960554e+00
   8.2693665e+00
   8.2345529e+00
   8.2046025e+00
   8.1725138e+00
   8.1415068e+00
   8.1113632e+00
   8.0846560e+00
   8.0613199e+00
   8.0400953e+00
   8.0220004e+00
   8.0048207e+00
   7.9957761e+00
   7.9861897e+00
   7.9795787e+00
   7.9684633e+00
   7.9517597e+00
   7.9327816e+00
   7.9182648e+00
   7.8910718e+00
   7.8717928e+00
   7.8430557e+00
   7.8100464e+00
   7.7772059e+00
   7.7462353e+00
   7.6974063e+00
   7.6578912e+00
   7.6159628e+00
   7.5748467e+00
   7.5183443e+00
   7.4769488e+00
   7.4408325e+00
   7.4090927e+00
   7.3752884e+00
   7.3413296e+00
   7.3091278e+00
   7.2664417e+00
   7.2292129e+00
   7.1833538e+00
   7.1465826e+00
   7.1030544e+00
   7.0466185e+00
   7.0026560e+00
   6.9626457e+00
   6.9097702e+00
   6.8643921e+00
   6.8172275e+00
   6.7751819e+00
   6.7404024e+00
   6.7114265e+00
   6.6781611e+00
   6.6434773e+00
   6.6103008e+00
   6.5847423e+00
   6.5571401e+00
   6.5204085e+00
   6.4751221e+00
   6.4393727e+00
   6.4048650e+00
   6.3732160e+00
   6.3389386e+00
   6.3052530e+00
   6.2783629e+00
   6.2478944e+00
   6.2095169e+00
   6.1691157e+00
   6.1336504e+00
   6.0910811e+00
   6.0437129e+00
   5.9951375e+00
   5.9509570e+00
   5.9104395e+00
   5.8692853e+00
   5.8237350e+00
   5.7774456e+00
   5.7305458e+00
   5.6859625e+00
   5.6305934e+00
   5.5846459e+00
   5.5405689e+00
   5.4978979e+00
   5.4493631e+00
   5.4120722e+00
   5.3805145e+00
   5.3429522e+00
   5.3214800e+00
   5.2794270e+00
   5.2508500e+00
   5.2234103e+00
   5.2080332e+00
   5.1898242e+00
   5.1718211e+00
   5.1510900e+00
   5.1304607e+00
   5.1114171e+00
   5.0952229e+00
   5.0806071e+00
   5.0610538e+00
   5.0406602e+00
   5.0158474e+00
   4.9899354e+00
   4.9617344e+00
   4.9281384e+00
   4.8915204e+00
   4.8666648e+00
   4.8287255e+00
   4.8041988e+00
   4.7783559e+00
   4.7511287e+00
   4.7315520e+00
   4.7032289e+00
   4.6696015e+00
   4.6441380e+00
   4.6179752e+00
   4.5806389e+00
   4.5525429e+00
   4.5163522e+00
   4.4810468e+00
   4.4456430e+00
   4.4166866e+00
   4.3853807e+00
   4.3550086e+00
   4.3135080e+00
   4.2777167e+00
   4.2543851e+00
   4.2257274e+00
   4.1973319e+00
   4.1663447e+00
   4.1331839e+00
   4.0968638e+00
   4.0652813e+00
   4.0441813e+00
   4.0062138e+00
   3.9820361e+00
   3.9549556e+00
   3.9378417e+00
   3.9175760e+00
   3.8929264e+00
   3.8793549e+00
   3.8666575e+00
   3.8577185e+00
   3.8480152e+00
   3.8433662e+00
   3.8394810e+00
   3.8382198e+00
   3.8354122e+00
   3.8315806e+00
   3.8260543e+00
   3.8217072e+00
   3.8144564e+00
   3.8077803e+00
   3.8012082e+00
   3.7956370e+00
   3.7931211e+00
   3.7896283e+00
   3.7883774e+00
   3.7873382e+00
   3.7880532e+00
   3.7876315e+00
   3.7901052e+00
   3.7915646e+00
   3.7943436e+00
   3.7960858e+00
   3.7992475e+00
   3.8029028e+00
   3.8062600e+00
   3.8088178e+00
   3.8133488e+00
   3.8216350e+00
   3.8281043e+00
   3.8345152e+00
   3.8406568e+00
   3.8474115e+00
   3.8534925e+00
   3.8635931e+00
   3.8743055e+00
   3.8822531e+00
   3.8909125e+00
   3.9119075e+00
   3.9263975e+00
   3.9486700e+00
   3.9689154e+00
   3.9905488e+00
   4.0145271e+00
   4.0390065e+00
   4.0581188e+00
   4.0824458e+00
   4.0983378e+00
   4.1326986e+00
   4.1501785e+00
   4.1643268e+00
   4.1806306e+00
   4.1943320e+00
   4.2073963e+00
   4.2169563e+00
   4.2302971e+00
   4.2427717e+00
   4.2574685e+00
   4.2719442e+00
   4.2821842e+00
   4.2985872e+00
   4.3110249e+00
   4.3222675e+00
   4.3313828e+00
   4.3415791e+00
   4.3470026e+00
   4.3505207e+00
   4.3543532e+00
   4.3562364e+00
   4.3558800e+00
   4.3548213e+00
   4.3525361e+00
   4.3482619e+00
   4.3433544e+00
   4.3364020e+00
   4.3255771e+00
   4.3181029e+00
   4.3068826e+00
   4.2937542e+00
   4.2823960e+00
   4.2684654e+00
   4.2533470e+00
   4.2400588e+00
   4.2274522e+00
   4.2110935e+00
   4.1987886e+00
   4.1869050e+00
   4.1752461e+00
   4.1653271e+00
   4.1586403e+00
   4.1523325e+00
   4.1461699e+00
   4.1443834e+00
   4.1438812e+00
   4.1441076e+00
   4.1436493e+00
   4.1407565e+00
   4.1340493e+00
   4.1263162e+00
   4.1165361e+00
   4.1041506e+00
   4.0892779e+00
   4.0703038e+00
   4.0464500e+00
   4.0266586e+00
   4.0016199e+00
   3.9691520e+00
   3.9390227e+00
   3.9003156e+00
   3.8519223e+00
   3.8282500e+00
   3.7818553e+00
   3.7412126e+00
   3.7050766e+00
   3.6839627e+00
   3.6452453e+00
   3.6173258e+00
   3.5862052e+00
   3.5664905e+00
   3.5365402e+00
   3.5061285e+00
   3.4774128e+00
   3.4408419e+00
   3.4031965e+00
   3.3693321e+00
   3.3209690e+00
   3.2732125e+00
   3.2298787e+00
   3.1920840e+00
   3.1410421e+00
   3.0982534e+00
   3.0522630e+00
   3.0025127e+00
   2.9693951e+00
   2.9343173e+00
   2.8954450e+00
   2.8728591e+00
   2.8304729e+00
   2.8035165e+00
   2.7609423e+00
   2.7201912e+00
   2.6638867e+00
   2.6130348e+00
   2.5713953e+00
   2.5337761e+00
   2.5008483e+00
   2.4472588e+00
   2.4041770e+00
   2.3558064e+00
   2.3093514e+00
   2.2669245e+00
   2.2274132e+00
   2.1785036e+00
   2.1385462e+00
   2.0922015e+00
   2.0506998e+00
   2.0072029e+00
   1.9625611e+00
   1.9170650e+00
   1.8827926e+00
   1.8495815e+00
   1.8117947e+00
   1.7817403e+00
   1.7568887e+00
   1.7343744e+00
   1.7112064e+00
   1.6907302e+00
   1.6727776e+00
   1.6570162e+00
   1.6449818e+00
   1.6353064e+00
   1.6236175e+00
   1.6069474e+00
   1.5906576e+00
   1.5732850e+00
   1.5435158e+00
   1.5170161e+00
   1.4832108e+00
   1.4546506e+00
   1.4236918e+00
   1.3836395e+00
   1.3449660e+00
   1.3056744e+00
   1.2646520e+00
   1.2203932e+00
   1.1791788e+00
   1.1304827e+00
   1.0872792e+00
   1.0489230e+00
   1.0142503e+00
   9.8134193e-01
   9.5053689e-01
   9.1541269e-01
   8.7642512e-01
   8.4355278e-01
   7.9868148e-01
   7.5691790e-01
   7.2066657e-01
   6.7938150e-01
   6.3345900e-01
   6.0499713e-01
   5.5797248e-01
   5.1120416e-01
   4.7824249e-01
   4.3083423e-01
   3.9765778e-01
   3.5872956e-01
   3.2351525e-01
   2.8442156e-01
   2.5358458e-01
   2.1802107e-01
   1.6254752e-01
   1.3173865e-01
   1.0585323e-01
   8.2360253e-02
   5.4395601e-02
   2.7799157e-02
   1.0125167e-02
  -1.0363532e-02
  -3.0716735e-02
  -5.4263077e-02
  -7.1806074e-02
  -8.6818661e-02
  -1.0029276e-01
  -1.1479708e-01
  -1.2747925e-01
  -1.3334609e-01
  -1.4613624e-01
  -1.5383381e-01
  -1.6155768e-01
  -1.6551004e-01
  -1.7181872e-01
  -1.7573873e-01
  -1.7961489e-01
  -1.8600371e-01
  -1.9284780e-01
  -1.9679336e-01
  -1.9981386e-01
  -2.0233178e-01
  -2.0422765e-01
  -2.0509297e-01
  -2.0444627e-01
  -2.0396090e-01
  -2.0337453e-01
  -2.0156402e-01
  -1.9756579e-01
  -1.9347890e-01
  -1.8759983e-01
  -1.8374016e-01
  -1.7983454e-01
  -1.7676576e-01
  -1.7249182e-01
  -1.6892760e-01
  -1.6502042e-01
  -1.5981792e-01
  -1.5515774e-01
  -1.4958367e-01
  -1.4537762e-01
  -1.3395004e-01
  -1.2441358e-01
  -1.1873943e-01
  -1.1287882e-01
  -1.0838840e-01
  -9.8238148e-02
  -8.8250474e-02
  -7.5873933e-02
  -6.2859972e-02
  -4.2498807e-02
  -2.4050495e-02
  -3.0979347e-03
   1.9068429e-02
   5.4805303e-02
   8.6524348e-02
   1.1300736e-01
   1.4815058e-01
   1.7561453e-01
   2.1089394e-01
   2.4217179e-01
   2.7149132e-01
   3.0014643e-01
   3.3888334e-01
   3.7561830e-01
   3.9732668e-01
   4.2411493e-01
   4.4944995e-01
   4.7313400e-01
   4.9381139e-01
   5.1345523e-01
   5.2719734e-01
   5.3704823e-01
   5.4466495e-01
   5.5113335e-01
   5.6512474e-01
   5.8102278e-01
   5.9467130e-01
   6.2150585e-01
   6.4277580e-01
   6.6940778e-01
   6.9399581e-01
   7.2319083e-01
   7.5861791e-01
   7.9378775e-01
   8.2400801e-01
   8.7489532e-01
   9.0992820e-01
   9.5794253e-01
   9.9306610e-01
   1.0324579e+00
   1.0777679e+00
   1.1145392e+00
   1.1479647e+00
   1.1926468e+00
   1.2238056e+00
   1.2575459e+00
   1.2912861e+00
   1.3290511e+00
   1.3565994e+00
   1.3756089e+00
   1.4081934e+00
   1.4300936e+00
   1.4448392e+00
   1.4583728e+00
   1.4765231e+00
   1.4858913e+00
   1.4936634e+00
   1.5005382e+00
   1.5120689e+00
   1.5251836e+00
   1.5395121e+00
   1.5575088e+00
   1.5863872e+00
   1.6076644e+00
   1.6364201e+00
   1.6579331e+00
   1.6904072e+00
   1.7278436e+00
   1.7603802e+00
   1.8004519e+00
   1.8336569e+00
   1.8832374e+00
   1.9252716e+00
   1.9576003e+00
   1.9885441e+00
   2.0267990e+00
   2.0608646e+00
   2.1058667e+00
   2.1533182e+00
   2.1955280e+00
   2.2201869e+00
   2.2633523e+00
   2.2912153e+00
   2.3361369e+00
   2.3728774e+00
   2.4150533e+00
   2.4454962e+00
   2.4747059e+00
   2.5150957e+00
   2.5512919e+00
   2.5916799e+00
   2.6372167e+00
   2.6920644e+00
   2.7306012e+00
   2.7790784e+00
   2.8259516e+00
   2.8698490e+00
   2.9090362e+00
   2.9406514e+00
   2.9835505e+00
   3.0151249e+00
   3.0488746e+00
   3.0757815e+00
   3.1100357e+00
   3.1603894e+00
   3.1900143e+00
   3.2219462e+00
   3.2547747e+00
   3.2892224e+00
   3.3247923e+00
   3.3661257e+00
   3.4021083e+00
   3.4431615e+00
   3.4703349e+00
   3.4972365e+00
   3.5244099e+00
   3.5513116e+00
   3.5784850e+00
   3.6056584e+00
   3.6325600e+00
   3.6597334e+00
   3.6869068e+00
   3.7261795e+00
   3.7555310e+00
   3.7764712e+00
   3.8096760e+00
   3.8449506e+00
   3.8810035e+00
   3.9239043e+00
   3.9571887e+00
   4.0124648e+00
   4.0599348e+00
   4.0682459e+00
   4.1237239e+00
   4.1760662e+00
   4.2273823e+00
   4.2792115e+00
   4.3334293e+00
   4.3847188e+00
   4.4050976e+00
   4.4799907e+00
   4.5298370e+00
   4.5650963e+00
   4.6159837e+00
   4.6498540e+00
   4.6842519e+00
   4.7186507e+00
   4.7473739e+00
   4.7701766e+00
   4.7948171e+00
   4.8173984e+00
   4.8380739e+00
   4.8516870e+00
   4.8636490e+00
   4.8758887e+00
   4.8828464e+00
   4.8863402e+00
   4.8878361e+00
   4.8916571e+00
   4.9027509e+00
   4.9107674e+00
   4.9260185e+00
   4.9455202e+00
   4.9639087e+00
   4.9875992e+00
   5.0127713e+00
   5.0395369e+00
   5.0650983e+00
   5.1063330e+00
   5.1435351e+00
   5.1777199e+00
   5.2293784e+00
   5.2661353e+00
   5.3133907e+00
   5.3692367e+00
   5.4081794e+00
   5.4672845e+00
   5.5096736e+00
   5.5528239e+00
   5.5926941e+00
   5.6324104e+00
   5.6807150e+00
   5.7272358e+00
   5.7757221e+00
   5.8163540e+00
   5.8501993e+00
   5.8808373e+00
   5.9219998e+00
   5.9585229e+00
   5.9953789e+00
   6.0296589e+00
   6.0688858e+00
   6.1145885e+00
   6.1519641e+00
   6.2040247e+00
   6.2464787e+00
   6.2785590e+00
   6.3207466e+00
   6.3549293e+00
   6.3864754e+00
   6.4276093e+00
   6.4656860e+00
   6.4948106e+00
   6.5297498e+00
   6.5586011e+00
   6.5919364e+00
   6.6284634e+00
   6.6632149e+00
   6.6906188e+00
   6.7270520e+00
   6.7785406e+00
   6.8165547e+00
   6.8593311e+00
   6.8973989e+00
   6.9366806e+00
   6.9696282e+00
   7.0112213e+00
   7.0434831e+00
   7.0833967e+00
   7.1114930e+00
   7.1532304e+00
   7.2096151e+00
   7.2432354e+00
   7.2759735e+00
   7.3152133e+00
   7.3633983e+00
   7.3929388e+00
   7.4241132e+00
   7.4533215e+00
   7.4787219e+00
   7.4998311e+00
   7.5337492e+00
   7.5555364e+00
   7.5709243e+00
   7.5890747e+00
   7.6000965e+00
   7.6130951e+00
   7.6206894e+00
   7.6278398e+00
   7.6321745e+00
   7.6346064e+00
   7.6356501e+00
   7.6428530e+00
   7.6606448e+00
   7.6756592e+00
   7.6944736e+00
   7.7123320e+00
   7.7354101e+00
   7.7543230e+00
   7.7796618e+00
   7.8212811e+00
   7.8530191e+00
   7.8810907e+00
   7.9171287e+00
   7.9467185e+00
   7.9797095e+00
   8.0132276e+00
   8.0546940e+00
   8.0892675e+00
   8.1290406e+00
   8.1578688e+00
   8.1868695e+00
   8.2143776e+00
   8.2373058e+00
   8.2601484e+00
   8.2802768e+00
   8.3035606e+00
   8.3109813e+00
   8.3194151e+00
   8.3270695e+00
   8.3342410e+00
   8.3371164e+00
   8.3369129e+00
   8.3362129e+00
   8.3366385e+00
   8.3373159e+00
   8.3421445e+00
   8.3479413e+00
   8.3568266e+00
   8.3675619e+00
   8.3800307e+00
   8.3934084e+00
   8.4112999e+00
   8.4243398e+00
   8.4495147e+00
   8.4688936e+00
   8.4953723e+00
   8.5186884e+00
   8.5429843e+00
   8.5631354e+00
   8.5834080e+00
   8.6030099e+00
   8.6294462e+00
   8.6443011e+00
   8.6591339e+00
   8.6701417e+00
   8.6828755e+00
   8.6909661e+00
   8.6964518e+00
   8.7016166e+00
   8.7051896e+00
   8.7077932e+00
   8.7087669e+00
   8.7102125e+00
   8.7107254e+00
   8.7111376e+00
   8.7107786e+00
   8.7105867e+00
   8.7107604e+00
   8.7107283e+00
   8.7105436e+00
   8.7098658e+00
   8.7092612e+00
   8.7082785e+00
   8.7069448e+00
   8.7052390e+00
   8.7033697e+00
   8.7008242e+00
   8.6984575e+00
   8.6962444e+00
   8.6926891e+00
   8.6877497e+00
   8.6820639e+00
   8.6754326e+00
   8.6663673e+00
   8.6579138e+00
   8.6439388e+00
   8.6310712e+00
   8.6095222e+00
   8.5947507e+00
   8.5778720e+00
   8.5604206e+00
   8.5456372e+00
   8.5303798e+00
   8.5149736e+00
   8.4980316e+00
   8.4771518e+00
   8.4492831e+00
   8.4278270e+00
   8.4025484e+00
   8.3716375e+00
   8.3513499e+00
   8.3297058e+00
   8.3040423e+00
   8.2820612e+00
   8.2564664e+00
   8.2294671e+00
   8.2043051e+00
   8.1701641e+00
   8.1455134e+00
   8.1180836e+00
   8.0910175e+00
   8.0594040e+00
   8.0252373e+00
   7.9802721e+00
   7.9443843e+00
   7.8979153e+00
   7.8566901e+00
   7.8190227e+00
   7.7821837e+00
   7.7433136e+00
   7.6948555e+00
   7.6545506e+00
   7.6238176e+00
   7.5760597e+00
   7.5464623e+00
   7.4975683e+00
   7.4667996e+00
   7.4186739e+00
   7.3756367e+00
   7.3301409e+00
   7.2891555e+00
   7.2618890e+00
   7.2224501e+00
   7.1856060e+00
   7.1514162e+00
   7.1274560e+00
   7.1083582e+00
   7.0791138e+00
   7.0619313e+00
   7.0440972e+00
   7.0274927e+00
   7.0120834e+00
   7.0011125e+00
   6.9942340e+00
   6.9870725e+00
   6.9832446e+00
   6.9819517e+00
   6.9821153e+00
   6.9821400e+00
   6.9821110e+00
   6.9821641e+00
   6.9820618e+00
   6.9804153e+00
   6.9744513e+00
   6.9651490e+00
   6.9548156e+00
   6.9439953e+00
   6.9322381e+00
   6.9142061e+00
   6.8913600e+00
   6.8722214e+00
   6.8432106e+00
   6.8191895e+00
   6.7915006e+00
   6.7536926e+00
   6.7236057e+00
   6.6768001e+00
   6.6408262e+00
   6.6012729e+00
   6.5560052e+00
   6.5193552e+00
   6.4817982e+00
   6.4431069e+00
   6.4070080e+00
   6.3745847e+00
   6.3454296e+00
   6.3137687e+00
   6.2886459e+00
   6.2635204e+00
   6.2439912e+00
   6.2176086e+00
   6.1816602e+00
   6.1414666e+00
   6.1110111e+00
   6.0757211e+00
   6.0445786e+00
   6.0001074e+00
   5.9573495e+00
   5.9239691e+00
   5.8843134e+00
   5.8453901e+00
   5.8128078e+00
   5.7782506e+00
   5.7360529e+00
   5.7061226e+00
   5.6681735e+00
   5.6312742e+00
   5.6041611e+00
   5.5657970e+00
   5.5310472e+00
   5.4941256e+00
   5.4604841e+00
   5.3904971e+00
   5.3547253e+00
   5.3264815e+00
   5.2859846e+00
   5.2577424e+00
   5.2254283e+00
   5.1921470e+00
   5.1462606e+00
   5.1076413e+00
   5.0613676e+00
   5.0299927e+00
   4.9901681e+00
   4.9435614e+00
   4.9052130e+00
   4.8699214e+00
   4.8213168e+00
   4.7852697e+00
   4.7386765e+00
   4.6953080e+00
   4.6517686e+00
   4.6151397e+00
   4.5811526e+00
   4.5287765e+00
   4.4938811e+00
   4.4524466e+00
   4.4048290e+00
   4.3789860e+00
   4.3413484e+00
   4.3103367e+00
   4.2755334e+00
   4.2589230e+00
   4.2298537e+00
   4.2046573e+00
   4.1877187e+00
   4.1706986e+00
   4.1592409e+00
   4.1437605e+00
   4.1244496e+00
   4.0996140e+00
   4.0775826e+00
   4.0511211e+00
   4.0218768e+00
   3.9947687e+00
   3.9581202e+00
   3.9291946e+00
   3.8846742e+00
   3.8447841e+00
   3.8017760e+00
   3.7616441e+00
   3.7231067e+00
   3.6826258e+00
   3.6418779e+00
   3.6018586e+00
   3.5580607e+00
   3.5217714e+00
   3.4756765e+00
   3.4326671e+00
   3.3965332e+00
   3.3575301e+00
   3.3342316e+00
   3.3048042e+00
   3.2765951e+00
   3.2499680e+00
   3.2335720e+00
   3.2116856e+00
   3.1942380e+00
   3.1806700e+00
   3.1703019e+00
   3.1586092e+00
   3.1501284e+00
   3.1453666e+00
   3.1312256e+00
   3.1160795e+00
   3.1012341e+00
   3.0784117e+00
   3.0515378e+00
   3.0203479e+00
   2.9939881e+00
   2.9655783e+00
   2.9280372e+00
   2.9014942e+00
   2.8593143e+00
   2.8217034e+00
   2.7775033e+00
   2.7382426e+00
   2.7051611e+00
   2.6534726e+00
   2.6146826e+00
   2.5605230e+00
   2.5151875e+00
   2.4637946e+00
   2.4293077e+00
   2.3800183e+00
   2.3403918e+00
   2.3073268e+00
   2.2714458e+00
   2.2447616e+00
   2.2067028e+00
   2.1780459e+00
   2.1450910e+00
   2.1188698e+00
   2.0806918e+00
   2.0540826e+00
   2.0222494e+00
   1.9975793e+00
   1.9769399e+00
   1.9681049e+00
   1.9603334e+00
   1.9525618e+00
   1.9443813e+00
   1.9362008e+00
   1.9280202e+00
   1.9199214e+00
   1.9117409e+00
   1.9035603e+00
   1.8945618e+00
   1.8872811e+00
   1.8791823e+00
   1.8710018e+00
   1.8628212e+00
   1.8547225e+00
   1.8465419e+00
   1.8383614e+00
   1.8302626e+00
   1.8220024e+00
   1.8183948e+00
   1.8102177e+00
   1.8030279e+00
   1.7929783e+00
   1.7864164e+00
   1.7782634e+00
   1.7701920e+00
   1.7623972e+00
   1.7594033e+00
   1.7569852e+00
   1.7540986e+00
   1.7522598e+00
   1.7510674e+00
   1.7506723e+00
   1.7524731e+00
   1.7539698e+00
   1.7567655e+00
   1.7587050e+00
   1.7610423e+00
   1.7638901e+00
   1.7666092e+00
   1.7693275e+00
   1.7750819e+00
   1.7818384e+00
   1.7904563e+00
   1.7975588e+00
   1.8118416e+00
   1.8249650e+00
   1.8421899e+00
   1.8588590e+00
   1.8879760e+00
   1.9110416e+00
   1.9420378e+00
   1.9735359e+00
   2.0016972e+00
   2.0260462e+00
   2.0666720e+00
   2.0984534e+00
   2.1330709e+00
   2.1582901e+00
   2.1914388e+00
   2.2089228e+00
   2.2354022e+00
   2.2589976e+00
   2.2830819e+00
   2.3149434e+00
   2.3535844e+00
   2.3809151e+00
   2.4238793e+00
   2.4782158e+00
   2.5186930e+00
   2.5580864e+00
   2.6029619e+00
   2.6386205e+00
   2.6729718e+00
   2.7026800e+00
   2.7355862e+00
   2.7748132e+00
   2.8213313e+00
   2.8594582e+00
   2.9008215e+00
   2.9462455e+00
   2.9897159e+00
   3.0390169e+00
   3.0858206e+00
   3.1288124e+00
   3.1770697e+00
   3.2240928e+00
   3.2782197e+00
   3.3193999e+00
   3.3588518e+00
   3.4101579e+00
   3.4605481e+00
   3.4953124e+00
   3.5487633e+00
   3.5900634e+00
   3.6246276e+00
   3.6584372e+00
   3.6957534e+00
   3.7380681e+00
   3.7750159e+00
   3.8220984e+00
   3.8749312e+00
   3.9167441e+00
   3.9559584e+00
   4.0048151e+00
   4.0591094e+00
   4.0985648e+00
   4.1442978e+00
   4.1907389e+00
   4.2360296e+00
   4.2898778e+00
   4.3303582e+00
   4.3870982e+00
   4.4347739e+00
   4.4789862e+00
   4.5209056e+00
   4.5699916e+00
   4.6086288e+00
   4.6466770e+00
   4.6814513e+00
   4.7139803e+00
   4.7489525e+00
   4.8011620e+00
   4.8444601e+00
   4.8843690e+00
   4.9275507e+00
   4.9708560e+00
   5.0275942e+00
   5.0652234e+00
   5.1129685e+00
   5.1545998e+00
   5.1935614e+00
   5.2409490e+00
   5.2852716e+00
   5.3334003e+00
   5.3791878e+00
   5.4140234e+00
   5.4639483e+00
   5.4985350e+00
   5.5305800e+00
   5.5640519e+00
   5.6064678e+00
   5.6456575e+00
   5.6938487e+00
   5.7383079e+00
   5.7730796e+00
   5.8205681e+00
   5.8715783e+00
   5.9118980e+00
   5.9532142e+00
   5.9896703e+00
   6.0336149e+00
   6.0814898e+00
   6.1210682e+00
   6.1575125e+00
   6.2037968e+00
   6.2431377e+00
   6.2893270e+00
   6.3373740e+00
   6.3723200e+00
   6.4129719e+00
   6.4519338e+00
   6.4933434e+00
   6.5173459e+00
   6.5517026e+00
   6.5868639e+00
   6.6091724e+00
   6.6326326e+00
   6.6516854e+00
   6.6681044e+00
   6.6820766e+00
   6.6974826e+00
   6.7061605e+00
   6.7135514e+00
   6.7200014e+00
   6.7319046e+00
   6.7495538e+00
   6.7632853e+00
   6.7857302e+00
   6.8075166e+00
   6.8311089e+00
   6.8612835e+00
   6.8876165e+00
   6.9229737e+00
   6.9615918e+00
   6.9992574e+00
   7.0338679e+00
   7.0758413e+00
   7.1230333e+00
   7.1627146e+00
   7.2068676e+00
   7.2446479e+00
   7.2873246e+00
   7.3184674e+00
   7.4087517e+00
   7.4492602e+00
   7.4798124e+00
   7.5170722e+00
   7.5424176e+00
   7.5626699e+00
   7.5896736e+00
   7.6092887e+00
   7.6326660e+00
   7.6468660e+00
   7.6596119e+00
   7.6757025e+00
   7.7014378e+00
   7.7234615e+00
   7.7471206e+00
   7.7769433e+00
   7.8069395e+00
   7.8478425e+00
   7.8792803e+00
   7.9257278e+00
   7.9630834e+00
   7.9951000e+00
   8.0292394e+00
   8.0694945e+00
   8.0901312e+00
   8.1201109e+00
   8.1541915e+00
   8.1840956e+00
   8.2234863e+00
   8.2531720e+00
   8.2995887e+00
   8.3317218e+00
   8.3691406e+00
   8.4055033e+00
   8.4406934e+00
   8.4675062e+00
   8.4909789e+00
   8.5208044e+00
   8.5437934e+00
   8.5667313e+00
   8.5866442e+00
   8.6099464e+00
   8.6298781e+00
   8.6477779e+00
   8.6661618e+00
   8.6830895e+00
   8.7034547e+00
   8.7295017e+00
   8.7464992e+00
   8.7648556e+00
   8.7850331e+00
   8.8032477e+00
   8.8181611e+00
   8.8278943e+00
   8.8356174e+00
   8.8410374e+00
   8.8463486e+00
   8.8504567e+00
   8.8536982e+00
   8.8553663e+00
   8.8566545e+00
   8.8574301e+00
   8.8554550e+00
   8.8531087e+00
   8.8510034e+00
   8.8439340e+00
   8.8376950e+00
   8.8321269e+00
   8.8271068e+00
   8.8153648e+00
   8.8067352e+00
   8.7963350e+00
   8.7835004e+00
   8.7744889e+00
   8.7595415e+00
   8.7457825e+00
   8.7230564e+00
   8.7009017e+00
   8.6796992e+00
   8.6568400e+00
   8.6349054e+00
   8.6043260e+00
   8.5846494e+00
   8.5634962e+00
   8.5414659e+00
   8.5185797e+00
   8.4970673e+00
   8.4795852e+00
   8.4609568e+00
   8.4423384e+00
   8.4248277e+00
   8.4113169e+00
   8.3966663e+00
   8.3913184e+00
   8.3793706e+00
   8.3737257e+00
   8.3703380e+00
   8.3679654e+00
   8.3692310e+00
   8.3663561e+00
   8.3598633e+00
   8.3512371e+00
   8.3367766e+00
   8.3224170e+00
   8.3113684e+00
   8.2873848e+00
   8.2655555e+00
   8.2439523e+00
   8.2123090e+00
   8.1827943e+00
   8.1496018e+00
   8.1050444e+00
   8.0637468e+00
   8.0274548e+00
   7.9795443e+00
   7.9380364e+00
   7.8961556e+00
   7.8335972e+00
   7.7939521e+00
   7.7534327e+00
   7.7069206e+00
   7.6596316e+00
   7.6056890e+00
   7.5654039e+00
   7.5270212e+00
   7.4932612e+00
   7.4542246e+00
   7.4119514e+00
   7.3756428e+00
   7.3332565e+00
   7.2865148e+00
   7.2409733e+00
   7.1864405e+00
   7.1544846e+00
   7.1014095e+00
   7.0602996e+00
   7.0106105e+00
   6.9721197e+00
   6.9145506e+00
   6.8746749e+00
   6.8357944e+00
   6.7958881e+00
   6.7616012e+00
   6.7223530e+00
   6.6895382e+00
   6.6448029e+00
   6.6065695e+00
   6.5681316e+00
   6.5276976e+00
   6.4676878e+00
   6.4264878e+00
   6.3779283e+00
   6.3427168e+00
   6.3101324e+00
   6.2779446e+00
   6.2414415e+00
   6.2058512e+00
   6.1719806e+00
   6.1303972e+00
   6.0874956e+00
   6.0382849e+00
   5.9855269e+00
   5.9516350e+00
   5.9227793e+00
   5.8732508e+00
   5.8488602e+00
   5.8143590e+00
   5.7746480e+00
   5.7381285e+00
   5.6977696e+00
   5.6448425e+00
   5.5985659e+00
   5.5520282e+00
   5.5078675e+00
   5.4737462e+00
   5.4324074e+00
   5.3996058e+00
   5.3756203e+00
   5.3316260e+00
   5.3056954e+00
   5.2845911e+00
   5.2616228e+00
   5.2464178e+00
   5.2306033e+00
   5.2140034e+00
   5.2011034e+00
   5.1853465e+00
   5.1651660e+00
   5.1448260e+00
   5.1196229e+00
   5.0897606e+00
   5.0587494e+00
   5.0217559e+00
   4.9932922e+00
   4.9575948e+00
   4.9275160e+00
   4.8990056e+00
   4.8684494e+00
   4.8379889e+00
   4.8168006e+00
   4.7856436e+00
   4.7547438e+00
   4.7299471e+00
   4.7118440e+00
   4.6904339e+00
   4.6517642e+00
   4.6296471e+00
   4.5984981e+00
   4.5639302e+00
   4.5297647e+00
   4.5010656e+00
   4.4758563e+00
   4.4454272e+00
   4.4148503e+00
   4.3832208e+00
   4.3570421e+00
   4.3204096e+00
   4.2927468e+00
   4.2647988e+00
   4.2384276e+00
   4.2084682e+00
   4.1777693e+00
   4.1546440e+00
   4.1310883e+00
   4.1041863e+00
   4.0762731e+00
   4.0394135e+00
   4.0000263e+00
   3.9688753e+00
   3.9280248e+00
   3.8893991e+00
   3.8567064e+00
   3.8187866e+00
   3.7774270e+00
   3.7422444e+00
   3.7040382e+00
   3.6718880e+00
   3.6433065e+00
   3.6124656e+00
   3.5788952e+00
   3.5450208e+00
   3.5078357e+00
   3.4632576e+00
   3.4238849e+00
   3.3801423e+00
   3.3361583e+00
   3.2946646e+00
   3.2427779e+00
   3.2072307e+00
   3.1664633e+00
   3.1307300e+00
   3.0957985e+00
   3.0602030e+00
   3.0203514e+00
   2.9823278e+00
   2.9570017e+00
   2.9102945e+00
   2.8788530e+00
   2.8505172e+00
   2.8024963e+00
   2.7639978e+00
   2.7192118e+00
   2.6641142e+00
   2.6234062e+00
   2.5693677e+00
   2.5305964e+00
   2.4928944e+00
   2.4619769e+00
   2.4268377e+00
   2.3947427e+00
   2.3497032e+00
   2.3086690e+00
   2.2671973e+00
   2.2088598e+00
   2.1793615e+00
   2.1321314e+00
   2.0877526e+00
   2.0423280e+00
   1.9990580e+00
   1.9570301e+00
   1.9147632e+00
   1.8851150e+00
   1.8523184e+00
   1.8180299e+00
   1.7769431e+00
   1.7451802e+00
   1.6940037e+00
   1.6624651e+00
   1.6216359e+00
   1.5792016e+00
   1.5391301e+00
   1.4862609e+00
   1.4462664e+00
   1.4014268e+00
   1.3605921e+00
   1.3236525e+00
   1.2755414e+00
   1.2389528e+00
   1.1963336e+00
   1.1395537e+00
   1.0698684e+00
   1.0292583e+00
   9.8048684e-01
   9.5275544e-01
   9.0854282e-01
   8.8237072e-01
   8.4972973e-01
   8.1945565e-01
   7.9690679e-01
   7.6553275e-01
   7.4993049e-01
   7.3531851e-01
   7.1608832e-01
   7.0466563e-01
   6.9568368e-01
   6.8396738e-01
   6.7771640e-01
   6.6670408e-01
   6.5170648e-01
   6.3737884e-01
   6.1791083e-01
   6.0091393e-01
   5.7868306e-01
   5.4844568e-01
   5.1680452e-01
   4.8268337e-01
   4.5382453e-01
   4.2160948e-01
   3.9269457e-01
   3.5059377e-01
   3.1527202e-01
   2.8883173e-01
   2.4871232e-01
   2.1502484e-01
   1.7934885e-01
   1.3967240e-01
   1.0950676e-01
   7.8693500e-02
   3.6508224e-02
  -6.0450136e-03
  -3.6004973e-02
  -6.3888054e-02
  -1.0203194e-01
  -1.3323108e-01
  -1.6124256e-01
  -1.9085349e-01
  -2.0745229e-01
  -2.3265445e-01
  -2.4580952e-01
  -2.6032226e-01
  -2.7273490e-01
  -2.8294688e-01
  -2.8906403e-01
  -2.9318007e-01
  -2.9520778e-01
  -2.9445140e-01
  -2.9364122e-01
  -2.9494253e-01
  -2.9821815e-01
  -3.0420131e-01
  -3.1258739e-01
  -3.2117183e-01
  -3.3230267e-01
  -3.4698740e-01
  -3.6350246e-01
  -3.7702446e-01
  -3.9626694e-01
  -4.1035919e-01
  -4.2821913e-01
  -4.5232496e-01
  -4.7239211e-01
  -4.8843142e-01
  -5.0761045e-01
  -5.2120810e-01
  -5.3478009e-01
  -5.4893604e-01
  -5.5985664e-01
  -5.6909031e-01
  -5.7973392e-01
  -5.8900861e-01
  -5.9665685e-01
  -6.0516526e-01
  -6.1117470e-01
  -6.1691998e-01
  -6.1967107e-01
  -6.2369747e-01
  -6.2555415e-01
  -6.2728723e-01
  -6.2795328e-01
  -6.2738522e-01
  -6.2632218e-01
  -6.2576346e-01
  -6.2416063e-01
  -6.2301470e-01
  -6.2234027e-01
  -6.2205224e-01
  -6.2119165e-01
  -6.2101498e-01
  -6.2124456e-01
  -6.2118273e-01
  -6.2133053e-01
  -6.2107855e-01
  -6.2116176e-01
  -6.2149105e-01
  -6.2103505e-01
  -6.2142678e-01
  -6.2097297e-01
  -6.2008560e-01
  -6.1702319e-01
  -6.1260810e-01
  -6.0674756e-01
  -6.0131329e-01
  -5.9244242e-01
  -5.8332014e-01
  -5.7482664e-01
  -5.6301700e-01
  -5.5101355e-01
  -5.4243500e-01
  -5.3093446e-01
  -5.1934220e-01
  -5.0667705e-01
  -4.9878473e-01
  -4.8997527e-01
  -4.8023890e-01
  -4.7284501e-01
  -4.6712585e-01
  -4.5900008e-01
  -4.4663944e-01
  -4.3326307e-01
  -4.1250035e-01
  -3.9340493e-01
  -3.7614260e-01
  -3.5099583e-01
  -3.2189070e-01
  -2.9666519e-01
  -2.6128759e-01
  -2.3200692e-01
  -2.0106978e-01
  -1.7393682e-01
  -1.4368643e-01
  -1.0004597e-01
  -7.2655123e-02
  -3.9507473e-02
  -1.0047416e-02
   2.2417505e-02
   5.3306858e-02
   8.0263005e-02
   1.0241179e-01
   1.2271784e-01
   1.4794100e-01
   1.7665496e-01
   2.0633176e-01
   2.4853927e-01
   2.8386744e-01
   3.2974191e-01
   3.7339340e-01
   4.1451473e-01
   4.6342501e-01
   5.1284373e-01
   5.5462346e-01
   5.9946110e-01
   6.4257913e-01
   6.9317734e-01
   7.3358780e-01
   7.9146738e-01
   8.3598387e-01
   8.7817410e-01
   9.3146612e-01
   9.7468866e-01
   1.0228648e+00
   1.0680587e+00
   1.1078032e+00
   1.1452125e+00
   1.1751016e+00
   1.2148124e+00
   1.2440619e+00
   1.2782526e+00
   1.2997178e+00
   1.3196264e+00
   1.3407237e+00
   1.3597903e+00
   1.3734933e+00
   1.3894833e+00
   1.4224119e+00
   1.4446586e+00
   1.4736713e+00
   1.5043520e+00
   1.5392286e+00
   1.5739191e+00
   1.6140774e+00
   1.6608354e+00
   1.6984637e+00
   1.7478455e+00
   1.7916179e+00
   1.8445415e+00
   1.8991235e+00
   1.9387520e+00
   1.9776171e+00
   2.0254949e+00
   2.0719904e+00
   2.1313270e+00
   2.1770080e+00
   2.2202229e+00
   2.2508357e+00
   2.2946801e+00
   2.3250340e+00
   2.3578980e+00
   2.3871010e+00
   2.4115484e+00
   2.4342927e+00
   2.4560110e+00
   2.4716487e+00
   2.4811222e+00
   2.4962403e+00
   2.5064490e+00
   2.5209095e+00
   2.5418881e+00
   2.5620481e+00
   2.5881481e+00
   2.6123403e+00
   2.6353492e+00
   2.6685721e+00
   2.7120303e+00
   2.7470433e+00
   2.7846927e+00
   2.8281427e+00
   2.8825137e+00
   2.9163435e+00
   2.9619943e+00
   3.0131731e+00
   3.0571759e+00
   3.1053102e+00
   3.1563013e+00
   3.2042194e+00
   3.2437035e+00
   3.2891370e+00
   3.3321550e+00
   3.3662659e+00
   3.3969068e+00
   3.4325434e+00
   3.4706040e+00
   3.5030329e+00
   3.5386772e+00
   3.5755592e+00
   3.6050537e+00
   3.6412407e+00
   3.6795202e+00
   3.7201212e+00
   3.7489779e+00
   3.7892325e+00
   3.8296529e+00
   3.8765384e+00
   3.9148173e+00
   3.9663822e+00
   3.9919164e+00
   4.0468987e+00
   4.0927246e+00
   4.1258187e+00
   4.1603423e+00
   4.1986482e+00
   4.2314621e+00
   4.2613242e+00
   4.2928279e+00
   4.3334285e+00
   4.3739177e+00
   4.4157504e+00
   4.4526387e+00
   4.4959902e+00
   4.5363620e+00
   4.5753333e+00
   4.6150198e+00
   4.6629965e+00
   4.7006025e+00
   4.7352032e+00
   4.7842035e+00
   4.8186205e+00
   4.8579620e+00
   4.8947930e+00
   4.9306167e+00
   4.9547962e+00
   4.9876527e+00
   5.0246410e+00
   5.0645208e+00
   5.0992122e+00
   5.1242129e+00
   5.1728326e+00
   5.2160951e+00
   5.2633379e+00
   5.3113703e+00
   5.3473591e+00
   5.3861135e+00
   5.4220185e+00
   5.4570284e+00
   5.4929000e+00
   5.5238111e+00
   5.5474695e+00
   5.5698277e+00
   5.5903912e+00
   5.6063111e+00
   5.6213822e+00
   5.6359380e+00
   5.6473591e+00
   5.6592771e+00
   5.6754660e+00
   5.6952327e+00
   5.7167908e+00
   5.7378653e+00
   5.7672986e+00
   5.7939272e+00
   5.8212299e+00
   5.8551766e+00
   5.8960117e+00
   5.9325461e+00
   5.9754694e+00
   6.0165219e+00
   6.0557381e+00
   6.0879672e+00
   6.1187209e+00
   6.1463372e+00
   6.1758787e+00
   6.2065456e+00
   6.2297393e+00
   6.2677989e+00
   6.2952716e+00
   6.3223034e+00
   6.3496721e+00
   6.3772592e+00
   6.3989558e+00
   6.4201761e+00
   6.4407466e+00
   6.4605865e+00
   6.4809323e+00
   6.5029516e+00
   6.5174293e+00
   6.5339942e+00
   6.5506289e+00
   6.5659663e+00
   6.5757246e+00
   6.5866283e+00
   6.5942616e+00
   6.5993100e+00
   6.6037109e+00
   6.6065820e+00
   6.6077021e+00
   6.6071845e+00
   6.6060002e+00
   6.6049310e+00
   6.6020749e+00
   6.5973582e+00
   6.5930519e+00
   6.5869155e+00
   6.5767574e+00
   6.5680013e+00
   6.5592780e+00
   6.5508394e+00
   6.5423527e+00
