   7.0899048e-02
   7.0929700e-02
   7.0847700e-02
   7.0947380e-02
   7.0890500e-02
   7.0889340e-02
   7.0916443e-02
   7.0900425e-02
   7.0877637e-02
   7.0934581e-02
   7.0928838e-02
   7.0941409e-02
   7.0906233e-02
   7.0898741e-02
   7.0942960e-02
   7.0886630e-02
   7.0948700e-02
   7.0897495e-02
   7.0919331e-02
   7.0899367e-02
   7.0896264e-02
   7.0933464e-02
   7.0850829e-02
   7.0914469e-02
   7.0922563e-02
   7.0890245e-02
   7.0876983e-02
   7.0908183e-02
   7.0878118e-02
   7.0928969e-02
   7.0895250e-02
   7.0925908e-02
   7.0898518e-02
   7.0866794e-02
   7.0934686e-02
   7.0895550e-02
   7.0957300e-02
   7.0872500e-02
   7.0924000e-02
   7.0884160e-02
   7.0878212e-02
   7.0882447e-02
   7.0943445e-02
   7.0920428e-02
   7.0906423e-02
   7.0901709e-02
   7.0891492e-02
   7.0898784e-02
   7.0956550e-02
   7.0907267e-02
   7.0914200e-02
   7.0950978e-02
   7.0892300e-02
   7.0922982e-02
   7.0932050e-02
   7.0901709e-02
   7.0924350e-02
   7.0917242e-02
   7.0893275e-02
   7.0927507e-02
   7.0957920e-02
   7.0885833e-02
   7.0976666e-02
   7.0929021e-02
   7.0917875e-02
   7.0888591e-02
   7.0879836e-02
   7.0908854e-02
   7.0917211e-02
   7.0884500e-02
   7.0894685e-02
   7.0922767e-02
   7.0894641e-02
   7.0926269e-02
   7.0915372e-02
   7.0929938e-02
   7.0901461e-02
   7.0906938e-02
   7.0911692e-02
   7.0907100e-02
   7.0926100e-02
   7.0934740e-02
   7.0953748e-02
   7.0898100e-02
   7.0907638e-02
   7.0894572e-02
   7.0880700e-02
   7.0894970e-02
   7.0876879e-02
   7.0889715e-02
   7.0907250e-02
   7.0876886e-02
   7.0940324e-02
   7.0917620e-02
   7.0863178e-02
   7.0928900e-02
   7.0843545e-02
   7.0906303e-02
   7.0901382e-02
   7.0919950e-02
   7.0901300e-02
   7.0894914e-02
   7.0906760e-02
   7.0884285e-02
   7.0921350e-02
   7.0945800e-02
   7.0903508e-02
   7.0906883e-02
   7.0894800e-02
   7.0884991e-02
   7.0947895e-02
   7.0911267e-02
   7.0926765e-02
   7.0910144e-02
   7.0906920e-02
   7.0921691e-02
   7.0911069e-02
   7.0903764e-02
   7.0899525e-02
   7.0925844e-02
   7.0895993e-02
   7.0933815e-02
   7.0901215e-02
   7.0946196e-02
   7.0909808e-02
   7.0912944e-02
   7.0909900e-02
   7.0902729e-02
   7.0939989e-02
   7.0876200e-02
   7.0950200e-02
   7.0877433e-02
   7.0923276e-02
   7.0899500e-02
   7.0900531e-02
   7.0867450e-02
   7.0912136e-02
   7.0902000e-02
   7.0877400e-02
   7.0927116e-02
   7.0888270e-02
   7.0926270e-02
   7.0924741e-02
   7.0881649e-02
   7.0880440e-02
   7.0925846e-02
   7.0885946e-02
   7.0927295e-02
   7.0904439e-02
   7.0886233e-02
   7.0905983e-02
   7.0931760e-02
   7.0898191e-02
   7.0828380e-02
   6.9836000e-02
   6.8283607e-02
   6.7075540e-02
   6.4845104e-02
   6.2157100e-02
   6.0106803e-02
   5.6543896e-02
   5.4222303e-02
   5.2185753e-02
   5.1255012e-02
   5.0213972e-02
   4.9418980e-02
   4.9384400e-02
   4.9275800e-02
   4.9566400e-02
   4.9710523e-02
   4.9674271e-02
   4.9688041e-02
   4.9717411e-02
   4.9724833e-02
   4.9728552e-02
   4.9705375e-02
   4.9694000e-02
   4.9763976e-02
   4.9758683e-02
   4.9712833e-02
   4.9758662e-02
   4.9684480e-02
   4.9460453e-02
   4.9318886e-02
   4.9375025e-02
   4.9523897e-02
   4.9401746e-02
   4.9359046e-02
   4.9434692e-02
   4.9540877e-02
   4.9459500e-02
   4.9375857e-02
   4.9446830e-02
   4.9472900e-02
   4.9430971e-02
   4.9422148e-02
   4.9402214e-02
   4.9482752e-02
   4.9431700e-02
   4.9330622e-02
   4.9425827e-02
   4.9439162e-02
   4.9443534e-02
   4.9383581e-02
   4.9430140e-02
   4.9414205e-02
   4.9433962e-02
   4.9487600e-02
   4.9549003e-02
   4.9522800e-02
   4.9373389e-02
   4.9456407e-02
   4.9481100e-02
   4.9446977e-02
   4.9325243e-02
   4.9400558e-02
   4.9486886e-02
   4.9342507e-02
   4.9374500e-02
   4.9386167e-02
   4.9463861e-02
   4.9379200e-02
   4.9402780e-02
   4.9455285e-02
   4.9379340e-02
   4.9512014e-02
   4.9466989e-02
   4.9322375e-02
   4.9373068e-02
   4.9365880e-02
   4.9338045e-02
   4.9380125e-02
   4.9441923e-02
   4.9399384e-02
   4.9387762e-02
   4.9344700e-02
   4.9384333e-02
   4.9333316e-02
   4.9391259e-02
   4.9441568e-02
   4.9358424e-02
   4.9353457e-02
   4.9317653e-02
   4.9356393e-02
   4.9334100e-02
   4.9385982e-02
   4.9398429e-02
   4.9434100e-02
   4.9411641e-02
   4.9345044e-02
   4.9286061e-02
   4.9338560e-02
   4.9360700e-02
   4.9366222e-02
   4.9354544e-02
   4.9361689e-02
   4.9338220e-02
   4.9351441e-02
   4.9361847e-02
   4.9349515e-02
   4.9344889e-02
   4.9320400e-02
   4.9330821e-02
   4.9318500e-02
   4.9358682e-02
   4.9371061e-02
   4.9308094e-02
   4.9378719e-02
   4.9316087e-02
   4.9341412e-02
   4.9359005e-02
   4.9375925e-02
   4.9351510e-02
   4.9339048e-02
   4.9362756e-02
   4.9289039e-02
   4.9410697e-02
   4.9408075e-02
   4.9365731e-02
   4.9356306e-02
   4.9362067e-02
   4.9351300e-02
   4.9406015e-02
   4.9379631e-02
   4.9399873e-02
   4.9405733e-02
   4.9407095e-02
   4.9384136e-02
   4.9317086e-02
   4.9430091e-02
   4.9386191e-02
   4.9439931e-02
   4.9376111e-02
   4.9320500e-02
   4.9414026e-02
   4.9421163e-02
   4.9394921e-02
   4.9395875e-02
   4.9416169e-02
   4.9362922e-02
   4.9375700e-02
   4.9393712e-02
   4.9399040e-02
   4.9363538e-02
   4.9342186e-02
   4.9371338e-02
   4.9394900e-02
   4.9387877e-02
   4.9313800e-02
   4.9447461e-02
   4.9422380e-02
   4.9367327e-02
   4.9279944e-02
   4.9289600e-02
   4.9362552e-02
   4.9416772e-02
   4.9369500e-02
   4.9394191e-02
   4.9383600e-02
   4.9303553e-02
   4.9392482e-02
   4.9328956e-02
   4.9347515e-02
   4.9312858e-02
   4.9327775e-02
   4.9277800e-02
   4.9358383e-02
   4.9342428e-02
   4.9467300e-02
   4.9399510e-02
   4.9351804e-02
   4.9226284e-02
   4.9341537e-02
   4.9329600e-02
   4.9337903e-02
   4.9342411e-02
   4.9368033e-02
   4.9332300e-02
   4.9311239e-02
   4.9311907e-02
   4.9324719e-02
   4.9346622e-02
   4.9294425e-02
   4.9282836e-02
   4.9335222e-02
   4.9309359e-02
   4.9372446e-02
   4.9414171e-02
   4.9433204e-02
   4.9341825e-02
   4.9326055e-02
   4.9352729e-02
   4.9437320e-02
   4.9361641e-02
   4.9317211e-02
   4.9364500e-02
   4.9431187e-02
   4.9376663e-02
   4.9329500e-02
   4.9434225e-02
   4.9412200e-02
   4.9291687e-02
   4.9351091e-02
   4.9458050e-02
   4.9475396e-02
   4.9396116e-02
   4.9325173e-02
   4.9366800e-02
   4.9353050e-02
   4.9340718e-02
   4.9319617e-02
   4.9311700e-02
   4.9362554e-02
   4.9353232e-02
   4.9295467e-02
   4.9345200e-02
   4.9322140e-02
   4.9365589e-02
   4.9400333e-02
   4.9347534e-02
   4.9380760e-02
   4.9387252e-02
   4.9392457e-02
   4.9360303e-02
   4.9389685e-02
   4.9454235e-02
   4.9400487e-02
   4.9350433e-02
   4.9431075e-02
   4.9595889e-02
   4.9634186e-02
   4.9658160e-02
   4.9676722e-02
   4.9761800e-02
   4.9693514e-02
   4.9682607e-02
   4.9718472e-02
   4.9596236e-02
   4.9652307e-02
   4.9564129e-02
   4.9244400e-02
   4.9372900e-02
   4.9424380e-02
   4.9359412e-02
   4.9321018e-02
   4.9397967e-02
   4.9417500e-02
   4.9342141e-02
   4.9335419e-02
   4.9404019e-02
   4.9337725e-02
   4.9322497e-02
   4.9378229e-02
   4.9405880e-02
   4.9272810e-02
   4.9369316e-02
   4.9391145e-02
   4.9296963e-02
   4.9437821e-02
   4.9396466e-02
   4.9347889e-02
   4.9352612e-02
   4.9353106e-02
   4.9341311e-02
   4.9361823e-02
   4.9310516e-02
   4.9344091e-02
   4.9311850e-02
   4.9260582e-02
   4.9369831e-02
   4.9330000e-02
   4.9398850e-02
   4.9433986e-02
   4.9331600e-02
   4.9352074e-02
   4.9378550e-02
   4.9361170e-02
   4.9417744e-02
   4.9427434e-02
   4.9354413e-02
   4.9387809e-02
   4.9328367e-02
   4.9336055e-02
   4.9380500e-02
   4.9380650e-02
   4.9350257e-02
   4.9405922e-02
   4.9281660e-02
   4.9356822e-02
   4.9369814e-02
   4.9279071e-02
   4.9361357e-02
   4.9274088e-02
   4.9251381e-02
   4.9355150e-02
   4.9361467e-02
   4.9397790e-02
   4.9441442e-02
   4.9455000e-02
   4.9353800e-02
   4.9303700e-02
   4.9388656e-02
   4.9339559e-02
   4.9279467e-02
   4.9375408e-02
   4.9317530e-02
   4.9297275e-02
   4.9296791e-02
   4.9397668e-02
   4.9355821e-02
   4.9335024e-02
   4.9347876e-02
   4.9256737e-02
   4.9371418e-02
   4.9294550e-02
   4.9327800e-02
   4.9434803e-02
   4.9282300e-02
   4.9278419e-02
   4.9352796e-02
   4.9324418e-02
   4.9320300e-02
   4.9350314e-02
   4.9374755e-02
   4.9420713e-02
   4.9419356e-02
   4.9387165e-02
   4.9356591e-02
   4.9488467e-02
   4.9306019e-02
   4.9332559e-02
   4.9403162e-02
   4.9332860e-02
   4.9420500e-02
   4.9247699e-02
   4.9307050e-02
   4.9378016e-02
   4.9306671e-02
   4.9331700e-02
   4.9337760e-02
   4.9280509e-02
   4.9331809e-02
   4.9310277e-02
   4.9279157e-02
   4.9336755e-02
   4.9313639e-02
   4.9312330e-02
   4.9338576e-02
   4.9366680e-02
   4.9262059e-02
   4.9256118e-02
   4.9313174e-02
   4.9299300e-02
   4.9318042e-02
   4.9280822e-02
   4.9328845e-02
   4.9331308e-02
   4.9259469e-02
   4.9365060e-02
   4.9405683e-02
   4.9266825e-02
   4.9360910e-02
   4.9293979e-02
   4.9339633e-02
   4.9347433e-02
   4.9304650e-02
   4.9387572e-02
   4.9367150e-02
   4.9334254e-02
   4.9416855e-02
   4.9352367e-02
   4.9316610e-02
   4.9402071e-02
   4.9375600e-02
   4.9330554e-02
   4.9510300e-02
   4.9723145e-02
   4.9627991e-02
   4.9730815e-02
   4.9660900e-02
   4.9722235e-02
   4.9514204e-02
   4.9175462e-02
   4.9362897e-02
   4.9572834e-02
   4.9602395e-02
   4.9463760e-02
   4.9292867e-02
   4.9455858e-02
   4.9637769e-02
   4.9697767e-02
   4.9674633e-02
   4.9615296e-02
   4.9396229e-02
   4.9295700e-02
   4.9377786e-02
   4.9359370e-02
   4.9345585e-02
   4.9383173e-02
   4.9416997e-02
   4.9382569e-02
   4.9340039e-02
   4.9422765e-02
   4.9376075e-02
   4.9329460e-02
   4.9464050e-02
   4.9393200e-02
   4.9369450e-02
   4.9330550e-02
   4.9383412e-02
   4.9416205e-02
   4.9537720e-02
   4.9618700e-02
   4.9699100e-02
   4.9706362e-02
   4.9685037e-02
   4.9654174e-02
   4.9557153e-02
   4.8554727e-02
   4.7292249e-02
   4.5320800e-02
   4.3060225e-02
   4.0311669e-02
   3.7475637e-02
   3.3041163e-02
   3.0017900e-02
   2.5944908e-02
   1.7385753e-02
   7.4193710e-03
  -2.6312806e-03
  -1.4218228e-02
  -2.3465584e-02
  -4.3608833e-02
  -6.0001521e-02
  -7.5317500e-02
  -9.1077137e-02
  -1.0592700e-01
  -1.2113062e-01
  -1.3633891e-01
  -1.5235393e-01
  -1.6680460e-01
  -1.8156984e-01
  -1.9675748e-01
  -2.0900422e-01
  -2.2957412e-01
  -2.4497437e-01
  -2.5731842e-01
  -2.7523233e-01
  -2.9196404e-01
  -3.0335035e-01
  -3.1962574e-01
  -3.3390380e-01
  -3.4663421e-01
  -3.5852139e-01
  -3.6818685e-01
  -3.7860498e-01
  -3.8650089e-01
  -3.9269213e-01
  -4.0075670e-01
  -4.0577593e-01
  -4.1060709e-01
  -4.1430294e-01
  -4.1667281e-01
  -4.1902815e-01
  -4.2258902e-01
  -4.2830312e-01
  -4.3484938e-01
  -4.4120919e-01
  -4.4947621e-01
  -4.5703143e-01
  -4.6649344e-01
  -4.7539500e-01
  -4.8171452e-01
  -4.9109197e-01
  -5.0022748e-01
  -5.1011191e-01
  -5.2253572e-01
  -5.3777870e-01
  -5.4978865e-01
  -5.6361509e-01
  -5.7616146e-01
  -5.9223989e-01
  -6.1027170e-01
  -6.2526690e-01
  -6.3943151e-01
  -6.5287930e-01
  -6.6658136e-01
  -6.7696390e-01
  -6.8814771e-01
  -6.9715277e-01
  -7.0494897e-01
  -7.0961471e-01
  -7.1241666e-01
  -7.1448619e-01
  -7.1540613e-01
  -7.1598572e-01
  -7.1689761e-01
  -7.1739590e-01
  -7.1806350e-01
  -7.1879152e-01
  -7.1940156e-01
  -7.2029620e-01
  -7.2114131e-01
  -7.2217792e-01
  -7.2320109e-01
  -7.2388878e-01
  -7.2516896e-01
  -7.2629742e-01
  -7.2859527e-01
  -7.3010820e-01
  -7.3161346e-01
  -7.3248029e-01
  -7.3253084e-01
  -7.3040101e-01
  -7.2782960e-01
  -7.2555538e-01
  -7.2201512e-01
  -7.1751210e-01
  -7.1129470e-01
  -7.0808751e-01
  -7.0509196e-01
  -7.0152032e-01
  -6.9853130e-01
  -6.9484380e-01
  -6.8951780e-01
  -6.8652119e-01
  -6.8029341e-01
  -6.7305805e-01
  -6.6722664e-01
  -6.6153901e-01
  -6.5526770e-01
  -6.4863894e-01
  -6.4143175e-01
  -6.2628671e-01
  -6.1699746e-01
  -6.0224615e-01
  -5.9110258e-01
  -5.7415198e-01
  -5.5699160e-01
  -5.3507345e-01
  -5.1951747e-01
  -5.0185176e-01
  -4.8129744e-01
  -4.6585205e-01
  -4.4892184e-01
  -4.3941235e-01
  -4.3175147e-01
  -4.1709535e-01
  -4.0361447e-01
  -3.9327129e-01
  -3.8451485e-01
  -3.7659612e-01
  -3.7112388e-01
  -3.6626250e-01
  -3.6510092e-01
  -3.6532544e-01
  -3.6638492e-01
  -3.6636951e-01
  -3.6808681e-01
  -3.6902342e-01
  -3.6809431e-01
  -3.6749173e-01
  -3.6759401e-01
  -3.6675955e-01
  -3.6726975e-01
  -3.6738259e-01
  -3.6749305e-01
  -3.6746311e-01
  -3.6721513e-01
  -3.6521097e-01
  -3.6450340e-01
  -3.6356152e-01
  -3.6312743e-01
  -3.6286088e-01
  -3.6243567e-01
  -3.6170239e-01
  -3.6142514e-01
  -3.6133210e-01
  -3.6128193e-01
  -3.6023340e-01
  -3.5925345e-01
  -3.5135607e-01
  -3.3111439e-01
  -3.1311133e-01
  -3.0094545e-01
  -2.8399728e-01
  -2.5804786e-01
  -2.3154723e-01
  -1.9826567e-01
  -1.7174997e-01
  -1.3677971e-01
  -1.0490474e-01
  -6.3280288e-02
  -2.9616311e-02
   5.9011210e-03
   3.7676425e-02
   7.3353685e-02
   1.0540321e-01
   1.3769013e-01
   1.6808586e-01
   2.0329738e-01
   2.3220895e-01
   2.6068740e-01
   2.9023993e-01
   3.1718240e-01
   3.5161906e-01
   3.8419902e-01
   4.1396479e-01
   4.4877396e-01
   4.8305577e-01
   5.2017073e-01
   5.5059782e-01
   5.7558714e-01
   5.9309818e-01
   6.1584942e-01
   6.4045105e-01
   6.6467530e-01
   6.8703253e-01
   7.0774352e-01
   7.2826410e-01
   7.5252731e-01
   7.7402514e-01
   7.9929000e-01
   8.1895060e-01
   8.4324146e-01
   8.6909243e-01
   8.8769110e-01
   9.0728886e-01
   9.3778770e-01
   9.6141402e-01
   9.8313077e-01
   1.0041602e+00
   1.0228724e+00
   1.0331141e+00
   1.0472977e+00
   1.0591447e+00
   1.0667671e+00
   1.0756650e+00
   1.0828399e+00
   1.0878969e+00
   1.0921749e+00
   1.0958922e+00
   1.1013484e+00
   1.1054266e+00
   1.1098285e+00
   1.1131410e+00
   1.1184673e+00
   1.1255408e+00
   1.1306486e+00
   1.1420191e+00
   1.1483067e+00
   1.1698436e+00
   1.1862657e+00
   1.2037505e+00
   1.2213363e+00
   1.2363706e+00
   1.2616817e+00
   1.2783880e+00
   1.2924827e+00
   1.3172619e+00
   1.3336734e+00
   1.3496499e+00
   1.3720439e+00
   1.3868707e+00
   1.4125165e+00
   1.4255826e+00
   1.4521042e+00
   1.4720244e+00
   1.4869107e+00
   1.5079548e+00
   1.5302286e+00
   1.5497269e+00
   1.5644588e+00
   1.5786212e+00
   1.5948087e+00
   1.6042871e+00
   1.6176393e+00
   1.6318528e+00
   1.6391573e+00
   1.6516015e+00
   1.6583283e+00
   1.6657446e+00
   1.6710445e+00
   1.6763454e+00
   1.6791241e+00
   1.6808308e+00
   1.6822750e+00
   1.6823177e+00
   1.6829055e+00
   1.6842766e+00
   1.6845406e+00
   1.6844530e+00
   1.6846515e+00
   1.6846646e+00
   1.6846238e+00
   1.6846855e+00
   1.6845050e+00
   1.6838058e+00
   1.6831428e+00
   1.6824563e+00
   1.6836975e+00
   1.6874805e+00
   1.6911294e+00
   1.6955116e+00
   1.7022244e+00
   1.7105674e+00
   1.7188413e+00
   1.7302883e+00
   1.7391068e+00
   1.7491120e+00
   1.7602052e+00
   1.7759471e+00
   1.7905238e+00
   1.8077635e+00
   1.8254040e+00
   1.8348191e+00
   1.8493350e+00
   1.8623045e+00
   1.8729626e+00
   1.8797534e+00
   1.8896119e+00
   1.8975370e+00
   1.9085771e+00
   1.9174298e+00
   1.9261969e+00
   1.9368085e+00
   1.9429380e+00
   1.9527165e+00
   1.9608874e+00
   1.9727129e+00
   1.9801152e+00
   1.9895022e+00
   1.9981087e+00
   2.0075454e+00
   2.0169668e+00
   2.0267342e+00
   2.0364508e+00
   2.0469936e+00
   2.0563858e+00
   2.0610409e+00
   2.0652941e+00
   2.0687048e+00
   2.0695427e+00
   2.0698978e+00
   2.0697081e+00
   2.0671079e+00
   2.0631525e+00
   2.0588503e+00
   2.0531201e+00
   2.0471469e+00
   2.0407760e+00
   2.0277601e+00
   2.0169245e+00
   2.0034273e+00
   1.9915463e+00
   1.9782473e+00
   1.9559060e+00
   1.9341753e+00
   1.9222218e+00
   1.9109930e+00
   1.8998765e+00
   1.8886477e+00
   1.8774189e+00
   1.8663024e+00
   1.8550737e+00
   1.8454110e+00
   1.8444063e+00
   1.8375905e+00
   1.8357136e+00
   1.8349995e+00
   1.8342259e+00
   1.8333643e+00
   1.8330236e+00
   1.8351613e+00
   1.8336305e+00
   1.8313705e+00
   1.8272062e+00
   1.8175770e+00
   1.8082140e+00
   1.7980100e+00
   1.7858593e+00
   1.7712977e+00
   1.7539534e+00
   1.7355633e+00
   1.7103537e+00
   1.6909618e+00
   1.6670317e+00
   1.6477028e+00
   1.6213204e+00
   1.5942242e+00
   1.5673990e+00
   1.5403029e+00
   1.5134777e+00
   1.4850267e+00
   1.4579305e+00
   1.4321892e+00
   1.4053639e+00
   1.3782677e+00
   1.3514425e+00
   1.3243464e+00
   1.2975212e+00
   1.2704249e+00
   1.2433288e+00
   1.2148778e+00
   1.1894074e+00
   1.1623112e+00
   1.1352151e+00
   1.0856134e+00
   1.0590178e+00
   1.0030706e+00
   9.5638435e-01
   9.3849585e-01
   8.8101736e-01
   8.4640474e-01
   7.8249356e-01
   7.5349846e-01
   7.2476694e-01
   6.6797550e-01
   6.6094944e-01
   5.9549680e-01
   5.8497531e-01
   5.4937130e-01
   5.3333156e-01
   5.3190018e-01
   4.7960286e-01
   4.7850410e-01
   4.4798031e-01
   4.3879120e-01
   4.3212397e-01
   4.3176624e-01
   4.3141209e-01
   3.8718290e-01
   3.5760768e-01
   3.2803253e-01
   2.9875311e-01
   2.6917789e-01
   2.3989847e-01
   2.1032333e-01
   1.8045238e-01
   1.5560439e-01
   1.4643149e-01
   1.4066073e-01
   7.9221139e-02
   5.8950688e-02
   4.1404456e-02
   4.0159684e-02
  -1.3048683e-02
  -2.7126620e-02
  -2.8565264e-02
  -3.9815745e-02
  -4.9339726e-02
  -5.2403854e-02
  -5.3439246e-02
  -5.5189482e-02
  -5.9393252e-02
  -6.4503100e-02
  -7.2088498e-02
  -7.4238033e-02
  -8.4565279e-02
  -9.6525814e-02
  -1.1367574e-01
  -1.2014915e-01
  -1.2613018e-01
  -1.3082128e-01
  -1.3383766e-01
  -1.3582357e-01
  -1.3656663e-01
  -1.3665242e-01
  -1.3806164e-01
  -1.3999926e-01
  -1.4193408e-01
  -1.4535740e-01
  -1.4897121e-01
  -1.5285006e-01
  -1.5729953e-01
  -1.6328813e-01
  -1.6941230e-01
  -1.7220411e-01
  -1.7723460e-01
  -1.7777146e-01
  -1.9206611e-01
  -2.0385057e-01
  -2.0722375e-01
  -2.1063100e-01
  -2.1400419e-01
  -2.1744551e-01
  -2.1923052e-01
  -2.1927903e-01
  -2.1678731e-01
  -2.1227883e-01
  -2.0737832e-01
  -2.0150531e-01
  -1.9678784e-01
  -1.9171906e-01
  -1.8670047e-01
  -1.7896475e-01
  -1.7329043e-01
  -1.7009418e-01
  -1.6657356e-01
  -1.5438084e-01
  -1.4569279e-01
  -1.3294855e-01
  -1.2284910e-01
  -1.0885736e-01
  -9.3736540e-02
  -7.7808055e-02
  -5.8272290e-02
  -4.0240348e-02
  -2.3169336e-02
  -5.6431543e-03
   1.4709475e-02
   2.8346302e-02
   5.0897486e-02
   6.5551895e-02
   8.5640494e-02
   1.0382676e-01
   1.2121276e-01
   1.3606070e-01
   1.5407400e-01
   1.7738730e-01
   1.9042514e-01
   2.1359740e-01
   2.2906090e-01
   2.4660976e-01
   2.4980816e-01
   2.7386407e-01
   2.9257115e-01
   3.0565168e-01
   3.2143758e-01
   3.2818578e-01
   3.3772394e-01
   3.4513483e-01
   3.5179202e-01
   3.5654958e-01
   3.6105071e-01
   3.6240977e-01
   3.6549995e-01
   3.6843839e-01
   3.7136433e-01
   3.7346956e-01
   3.7726673e-01
   3.8028813e-01
   3.8309980e-01
   3.8718790e-01
   3.8992161e-01
   3.9097205e-01
   3.9075530e-01
   3.9028568e-01
   3.8858640e-01
   3.8498310e-01
   3.8021153e-01
   3.7453028e-01
   3.6799138e-01
   3.6190318e-01
   3.5518211e-01
   3.4657793e-01
   3.3664796e-01
   3.2295510e-01
   3.1531927e-01
   2.9621567e-01
   2.7890176e-01
   2.6019650e-01
   2.4131012e-01
   2.2548936e-01
   2.0084665e-01
   1.7747634e-01
   1.4859338e-01
   1.3012683e-01
   1.0950469e-01
   9.0772000e-02
   7.1310038e-02
   4.9655906e-02
   3.1418278e-02
   1.0642451e-03
  -2.3206423e-02
  -4.3571844e-02
  -6.8728865e-02
  -9.3230186e-02
  -1.2678465e-01
  -1.5317519e-01
  -1.7843013e-01
  -2.1501506e-01
  -2.4700378e-01
  -2.8546150e-01
  -3.0958180e-01
  -3.4645883e-01
  -3.7873647e-01
  -4.0436485e-01
  -4.2233274e-01
  -4.4540470e-01
  -4.6280430e-01
  -4.8257756e-01
  -4.9476823e-01
  -5.0887206e-01
  -5.2382167e-01
  -5.4564807e-01
  -5.6764894e-01
  -5.9626589e-01
  -6.2050236e-01
  -6.5553725e-01
  -6.8319608e-01
  -7.2008290e-01
  -7.6064737e-01
  -7.9339034e-01
  -8.1979367e-01
  -8.4225978e-01
  -8.7106794e-01
  -8.9442213e-01
  -9.2087338e-01
  -9.4938357e-01
  -9.8270637e-01
  -1.0096697e+00
  -1.0390456e+00
  -1.0679136e+00
  -1.0938718e+00
  -1.1228701e+00
  -1.1480815e+00
  -1.1745056e+00
  -1.1913188e+00
  -1.2142066e+00
  -1.2305185e+00
  -1.2446120e+00
  -1.2575843e+00
  -1.2678312e+00
  -1.2769365e+00
  -1.2826406e+00
  -1.2880778e+00
  -1.2917431e+00
  -1.2928320e+00
  -1.2966554e+00
  -1.3026989e+00
  -1.3087094e+00
  -1.3151161e+00
  -1.3235302e+00
  -1.3298231e+00
  -1.3370051e+00
  -1.3413819e+00
  -1.3466542e+00
  -1.3504764e+00
  -1.3521920e+00
  -1.3525597e+00
  -1.3531474e+00
  -1.3528406e+00
  -1.3504048e+00
  -1.3483220e+00
  -1.3461168e+00
  -1.3446455e+00
  -1.3432196e+00
  -1.3409421e+00
  -1.3380256e+00
  -1.3342073e+00
  -1.3315057e+00
  -1.3262178e+00
  -1.3225346e+00
  -1.3168160e+00
  -1.3105519e+00
  -1.3038253e+00
  -1.2985038e+00
  -1.2888386e+00
  -1.2813027e+00
  -1.2736121e+00
  -1.2655025e+00
  -1.2543596e+00
  -1.2458918e+00
  -1.2395966e+00
  -1.2350500e+00
  -1.2300694e+00
  -1.2274530e+00
  -1.2263193e+00
  -1.2258392e+00
  -1.2274164e+00
  -1.2298312e+00
  -1.2317976e+00
  -1.2339738e+00
  -1.2372785e+00
  -1.2400434e+00
  -1.2426019e+00
  -1.2460891e+00
  -1.2491304e+00
  -1.2523828e+00
  -1.2558055e+00
  -1.2603172e+00
  -1.2645452e+00
  -1.2725895e+00
  -1.2810901e+00
  -1.2898294e+00
  -1.2999423e+00
  -1.3111662e+00
  -1.3264314e+00
  -1.3466579e+00
  -1.3622888e+00
  -1.3768348e+00
  -1.3906059e+00
  -1.4038145e+00
  -1.4161731e+00
  -1.4257436e+00
  -1.4336073e+00
  -1.4423761e+00
  -1.4517490e+00
  -1.4601683e+00
  -1.4694744e+00
  -1.4796629e+00
  -1.4906763e+00
  -1.5005084e+00
  -1.5093588e+00
  -1.5184215e+00
  -1.5297334e+00
  -1.5400101e+00
  -1.5489898e+00
  -1.5587842e+00
  -1.5711337e+00
  -1.5819151e+00
  -1.5910435e+00
  -1.5998133e+00
  -1.6102664e+00
  -1.6181759e+00
  -1.6247256e+00
  -1.6330361e+00
  -1.6369433e+00
  -1.6425652e+00
  -1.6448571e+00
  -1.6436358e+00
  -1.6426715e+00
  -1.6403787e+00
  -1.6366863e+00
  -1.6305351e+00
  -1.6247083e+00
  -1.6190475e+00
  -1.6135328e+00
  -1.6057601e+00
  -1.5951791e+00
  -1.5858216e+00
  -1.5747985e+00
  -1.5633239e+00
  -1.5508584e+00
  -1.5352036e+00
  -1.5175777e+00
  -1.5042733e+00
  -1.4809162e+00
  -1.4668366e+00
  -1.4496494e+00
  -1.4268530e+00
  -1.4091524e+00
  -1.3847423e+00
  -1.3532293e+00
  -1.3270928e+00
  -1.2989145e+00
  -1.2599744e+00
  -1.2317057e+00
  -1.1950929e+00
  -1.1595027e+00
  -1.1243128e+00
  -1.0966287e+00
  -1.0651886e+00
  -1.0346911e+00
  -9.9309392e-01
  -9.5592227e-01
  -9.3243171e-01
  -9.0374844e-01
  -8.7645475e-01
  -8.4547602e-01
  -8.1256841e-01
  -7.7630452e-01
  -7.4411885e-01
  -7.2296055e-01
  -6.8406604e-01
  -6.6053819e-01
  -6.3142730e-01
  -6.1219388e-01
  -5.8801215e-01
  -5.5805991e-01
  -5.4084848e-01
  -5.2349480e-01
  -5.0944063e-01
  -4.9109780e-01
  -4.7943409e-01
  -4.6611196e-01
  -4.5806228e-01
  -4.3749668e-01
  -4.2153734e-01
  -3.9884373e-01
  -3.7882095e-01
  -3.5012537e-01
  -3.2207032e-01
  -2.9408540e-01
  -2.6464460e-01
  -2.4706189e-01
  -2.2564315e-01
  -2.1093689e-01
  -1.9573620e-01
  -1.8065280e-01
  -1.7187840e-01
  -1.6573284e-01
  -1.6079790e-01
  -1.4845364e-01
  -1.3724154e-01
  -1.1934701e-01
  -9.8717573e-02
  -7.9894976e-02
  -6.6398599e-02
  -4.1710022e-02
   3.4109772e-03
   3.8492827e-02
   7.3051428e-02
   1.0559135e-01
   1.4038627e-01
   1.6824235e-01
   2.0253517e-01
   2.3965514e-01
   2.6229970e-01
   2.8754492e-01
   3.3482508e-01
   3.6090198e-01
   3.9976676e-01
   4.3335805e-01
   4.6982367e-01
   5.0959097e-01
   5.4991649e-01
   5.8208719e-01
   6.2291471e-01
   6.4919808e-01
   7.0576519e-01
   7.3724898e-01
   7.6626431e-01
   8.0124624e-01
   8.3389109e-01
   8.6854636e-01
   8.9632868e-01
   9.3865423e-01
   9.7697259e-01
   1.0244771e+00
   1.0693739e+00
   1.1029268e+00
   1.1572136e+00
   1.2004469e+00
   1.2430147e+00
   1.2750844e+00
   1.3135222e+00
   1.3458873e+00
   1.3774397e+00
   1.4061951e+00
   1.4337519e+00
   1.4628514e+00
   1.4983622e+00
   1.5284446e+00
   1.5633703e+00
   1.5966298e+00
   1.6288719e+00
   1.6719257e+00
   1.6976726e+00
   1.7316087e+00
   1.7669782e+00
   1.7969538e+00
   1.8283418e+00
   1.8607455e+00
   1.8876462e+00
   1.9096179e+00
   1.9356406e+00
   1.9533454e+00
   1.9688595e+00
   1.9823029e+00
   1.9929154e+00
   1.9996116e+00
   2.0057640e+00
   2.0106638e+00
   2.0120924e+00
   2.0124474e+00
   2.0122753e+00
   2.0125270e+00
   2.0144630e+00
   2.0192858e+00
   2.0243603e+00
   2.0302484e+00
   2.0369168e+00
   2.0446365e+00
   2.0537642e+00
   2.0634689e+00
   2.0701514e+00
   2.0786732e+00
   2.0901139e+00
   2.1012583e+00
   2.1147442e+00
   2.1311374e+00
   2.1390750e+00
   2.1540383e+00
   2.1656688e+00
   2.1745711e+00
   2.1791867e+00
   2.1856920e+00
   2.1904709e+00
   2.1937790e+00
   2.1953168e+00
   2.1962541e+00
   2.1938951e+00
   2.1928201e+00
   2.1913604e+00
   2.1884392e+00
   2.1865313e+00
   2.1840550e+00
   2.1808617e+00
   2.1778719e+00
   2.1743336e+00
   2.1715150e+00
   2.1697380e+00
   2.1656299e+00
   2.1636592e+00
   2.1601457e+00
   2.1559734e+00
   2.1467889e+00
   2.1417994e+00
   2.1331367e+00
   2.1237831e+00
   2.1055676e+00
   2.0924959e+00
   2.0720392e+00
   2.0544881e+00
   2.0398289e+00
   2.0266663e+00
   2.0149732e+00
   1.9960018e+00
   1.9810121e+00
   1.9637476e+00
   1.9473381e+00
   1.9320725e+00
   1.9177299e+00
   1.9009324e+00
   1.8856127e+00
   1.8699477e+00
   1.8550675e+00
   1.8390785e+00
   1.8234921e+00
   1.8071716e+00
   1.7949031e+00
   1.7827220e+00
   1.7690351e+00
   1.7585038e+00
   1.7498023e+00
   1.7418775e+00
   1.7337871e+00
   1.7263453e+00
   1.7199967e+00
   1.7143395e+00
   1.7100528e+00
   1.7065826e+00
   1.7022539e+00
   1.6962749e+00
   1.6901966e+00
   1.6840206e+00
   1.6733338e+00
   1.6636351e+00
   1.6516014e+00
   1.6415475e+00
   1.6301587e+00
   1.6154614e+00
   1.6012113e+00
   1.5870831e+00
   1.5720783e+00
   1.5556151e+00
   1.5402002e+00
   1.5222276e+00
   1.5062829e+00
   1.4921584e+00
   1.4768031e+00
   1.4623400e+00
   1.4464970e+00
   1.4265476e+00
   1.4040981e+00
   1.3850193e+00
   1.3583378e+00
   1.3341875e+00
   1.3127237e+00
   1.2885059e+00
   1.2613430e+00
   1.2446154e+00
   1.2168950e+00
   1.1890952e+00
   1.1697424e+00
   1.1411728e+00
   1.1208256e+00
   1.0969616e+00
   1.0754951e+00
   1.0521481e+00
   1.0326331e+00
   1.0072719e+00
   9.6539999e-01
   9.3870511e-01
   9.1638446e-01
   8.9376068e-01
   8.6653308e-01
   8.3832790e-01
   8.1730792e-01
   7.9243107e-01
   7.6363221e-01
   7.2773623e-01
   6.9786313e-01
   6.6839478e-01
   6.3964738e-01
   6.0501350e-01
   5.6848789e-01
   5.4805195e-01
   5.0534778e-01
   4.7440897e-01
   4.4592574e-01
   4.2933529e-01
   4.0308001e-01
   3.8742219e-01
   3.7150140e-01
   3.4170189e-01
   3.1536790e-01
   2.9240823e-01
   2.6443727e-01
   2.3182821e-01
   1.9338191e-01
   1.5694968e-01
   1.0918925e-01
   6.1582000e-02
   2.4304690e-02
  -8.5248732e-03
  -4.5900691e-02
  -7.8126199e-02
  -1.1900329e-01
  -1.4902037e-01
  -1.7508639e-01
  -1.9874310e-01
  -2.2682902e-01
  -2.4764220e-01
  -2.6419898e-01
  -2.8096004e-01
  -2.9146891e-01
  -3.0226022e-01
  -3.0888099e-01
  -3.2163896e-01
  -3.3518340e-01
  -3.4195767e-01
  -3.4908572e-01
  -3.5455365e-01
  -3.6645128e-01
  -3.7808172e-01
  -3.8999020e-01
  -4.0167584e-01
  -4.1893627e-01
  -4.3333674e-01
  -4.5037003e-01
  -4.6590736e-01
  -4.8859837e-01
  -5.0561731e-01
  -5.2103486e-01
  -5.4070643e-01
  -5.5580738e-01
  -5.7262630e-01
  -5.8605621e-01
  -5.9871922e-01
  -6.0904348e-01
  -6.2253293e-01
  -6.3233400e-01
  -6.3690934e-01
  -6.4093345e-01
  -6.4397489e-01
  -6.4514890e-01
  -6.4624313e-01
  -6.4642103e-01
  -6.4558506e-01
  -6.4510590e-01
  -6.4452930e-01
  -6.4400924e-01
  -6.4288502e-01
  -6.4117922e-01
  -6.3854998e-01
  -6.3277118e-01
  -6.2729657e-01
  -6.1934840e-01
  -6.1198830e-01
  -6.0287581e-01
  -5.9045878e-01
  -5.7732871e-01
  -5.6513707e-01
  -5.4457978e-01
  -5.3024200e-01
  -5.1042091e-01
  -4.9594921e-01
  -4.7946750e-01
  -4.6062509e-01
  -4.4577346e-01
  -4.3197932e-01
  -4.1453834e-01
  -4.0442769e-01
  -3.9513971e-01
  -3.8585175e-01
  -3.7545397e-01
  -3.6747800e-01
  -3.6042980e-01
  -3.4687286e-01
  -3.3745557e-01
  -3.3113373e-01
  -3.2541896e-01
  -3.1769784e-01
  -3.1358019e-01
  -3.1031040e-01
  -3.0740336e-01
  -3.0240550e-01
  -2.9687412e-01
  -2.9072858e-01
  -2.8304659e-01
  -2.7091871e-01
  -2.6197844e-01
  -2.4996196e-01
  -2.4111236e-01
  -2.2757929e-01
  -2.1604393e-01
  -2.0654544e-01
  -1.9568415e-01
  -1.8691119e-01
  -1.7384981e-01
  -1.6292832e-01
  -1.5524096e-01
  -1.4903783e-01
  -1.4384410e-01
  -1.4037722e-01
  -1.3553883e-01
  -1.3088196e-01
  -1.2656330e-01
  -1.2459740e-01
  -1.2436748e-01
  -1.2434407e-01
  -1.2843072e-01
  -1.3123833e-01
  -1.3668639e-01
  -1.4273996e-01
  -1.4906981e-01
  -1.5914884e-01
  -1.6847440e-01
  -1.7908475e-01
  -1.9097932e-01
  -2.0541663e-01
  -2.1557158e-01
  -2.2859726e-01
  -2.4092383e-01
  -2.5221890e-01
  -2.6258905e-01
  -2.7051092e-01
  -2.7935856e-01
  -2.8608220e-01
  -2.9110532e-01
  -2.9326045e-01
  -2.9382599e-01
  -2.9317511e-01
  -2.9219328e-01
  -2.8904010e-01
  -2.8556132e-01
  -2.8032465e-01
  -2.7379702e-01
  -2.6358733e-01
  -2.5499061e-01
  -2.4644531e-01
  -2.4234387e-01
  -2.3828344e-01
  -2.3418199e-01
  -2.3012157e-01
  -2.2602013e-01
  -2.2191867e-01
  -2.1785825e-01
  -2.1375681e-01
  -2.0965536e-01
  -2.0670217e-01
  -2.0562768e-01
  -2.0498655e-01
  -2.0383369e-01
  -2.0269848e-01
  -2.0136511e-01
  -1.9957544e-01
  -1.9834848e-01
  -1.9657732e-01
  -1.9497125e-01
  -1.9471450e-01
  -1.9284648e-01
  -1.9090416e-01
  -1.8899992e-01
  -1.8707665e-01
  -1.8548984e-01
  -1.8404449e-01
  -1.8319760e-01
  -1.8115512e-01
  -1.7963843e-01
  -1.7869423e-01
  -1.7640943e-01
  -1.7532613e-01
  -1.7444808e-01
  -1.7355140e-01
  -1.7266188e-01
  -1.7188578e-01
  -1.7099333e-01
  -1.7027606e-01
  -1.6965080e-01
  -1.6914583e-01
  -1.6872575e-01
  -1.6832014e-01
  -1.6824180e-01
  -1.6801110e-01
  -1.6810317e-01
  -1.6787740e-01
  -1.6760798e-01
  -1.6755639e-01
  -1.6697647e-01
  -1.6643842e-01
  -1.6582604e-01
  -1.6514417e-01
  -1.6460533e-01
  -1.6405755e-01
  -1.6307786e-01
  -1.6206508e-01
  -1.6101593e-01
  -1.6001071e-01
  -1.5863075e-01
  -1.5729580e-01
  -1.5602523e-01
  -1.5458517e-01
  -1.5344559e-01
  -1.5177365e-01
  -1.5053256e-01
  -1.4931687e-01
  -1.4828522e-01
  -1.4697898e-01
  -1.4555055e-01
  -1.4455698e-01
  -1.4297679e-01
  -1.4202178e-01
  -1.4250601e-01
  -1.4270965e-01
  -1.4661206e-01
  -1.5168634e-01
  -1.5807557e-01
  -1.6614064e-01
  -1.7426379e-01
  -1.8508588e-01
  -1.9386811e-01
  -2.0599979e-01
  -2.1590396e-01
  -2.2376679e-01
  -2.3468470e-01
  -2.4366675e-01
  -2.5394298e-01
  -2.6994567e-01
  -2.8626931e-01
  -3.0013556e-01
  -3.1895380e-01
  -3.3601906e-01
  -3.5747052e-01
  -3.8073502e-01
  -4.0318557e-01
  -4.2112425e-01
  -4.4513148e-01
  -4.7892431e-01
  -5.0423940e-01
  -5.3218370e-01
  -5.5784115e-01
  -5.8367207e-01
  -6.0573506e-01
  -6.3371235e-01
  -6.5502837e-01
  -6.8082953e-01
  -6.9972378e-01
  -7.2735802e-01
  -7.6415071e-01
  -7.8663733e-01
  -8.0838129e-01
  -8.3418403e-01
  -8.6648560e-01
  -8.8630639e-01
  -9.0690800e-01
  -9.2655963e-01
  -9.4332843e-01
  -9.5742268e-01
  -9.8024236e-01
  -9.9462305e-01
  -1.0054864e+00
  -1.0172579e+00
  -1.0248376e+00
  -1.0331915e+00
  -1.0387464e+00
  -1.0431891e+00
  -1.0460021e+00
  -1.0478220e+00
  -1.0482029e+00
  -1.0527575e+00
  -1.0647111e+00
  -1.0714024e+00
  -1.0805456e+00
  -1.0880405e+00
  -1.0984599e+00
  -1.1065837e+00
  -1.1179342e+00
  -1.1363357e+00
  -1.1505230e+00
  -1.1633294e+00
  -1.1762373e+00
  -1.1859315e+00
  -1.1952076e+00
  -1.2031350e+00
  -1.2128126e+00
  -1.2193154e+00
  -1.2242783e+00
  -1.2257753e+00
  -1.2288229e+00
  -1.2290886e+00
  -1.2288394e+00
  -1.2286421e+00
  -1.2267873e+00
  -1.2260319e+00
  -1.2232997e+00
  -1.2214362e+00
  -1.2197227e+00
  -1.2175723e+00
  -1.2164587e+00
  -1.2164354e+00
  -1.2161308e+00
  -1.2161174e+00
  -1.2158069e+00
  -1.2131087e+00
  -1.2104160e+00
  -1.2058487e+00
  -1.1996540e+00
  -1.1911983e+00
  -1.1818628e+00
  -1.1675245e+00
  -1.1566798e+00
  -1.1350352e+00
  -1.1173126e+00
  -1.0907454e+00
  -1.0651507e+00
  -1.0388555e+00
  -1.0147240e+00
  -9.8846096e-01
  -9.6135107e-01
  -9.2131586e-01
  -8.9629844e-01
  -8.6947083e-01
  -8.4478383e-01
  -8.1654940e-01
  -7.9601648e-01
  -7.7823325e-01
  -7.5986997e-01
  -7.4437316e-01
  -7.3165683e-01
  -7.2338149e-01
  -7.1569680e-01
  -7.1304055e-01
  -7.1207591e-01
  -7.1416934e-01
  -7.1411906e-01
  -7.1369124e-01
  -7.1405631e-01
  -7.1340760e-01
  -7.0844886e-01
  -7.0145037e-01
  -6.9214576e-01
  -6.7854350e-01
  -6.6270836e-01
  -6.4485436e-01
  -6.1939640e-01
  -5.9779050e-01
  -5.7662327e-01
  -5.4882565e-01
  -5.1284274e-01
  -4.8258555e-01
  -4.4755558e-01
  -4.1519271e-01
  -3.8595400e-01
  -3.4289943e-01
  -3.0769411e-01
  -2.5942801e-01
  -2.2042662e-01
  -1.7790952e-01
  -1.3546097e-01
  -1.0281090e-01
  -7.1328547e-02
  -4.1119109e-02
  -1.3287574e-02
   1.9688838e-02
   5.8524013e-02
   8.9188486e-02
   1.2501491e-01
   1.6953807e-01
   1.9793925e-01
   2.2575562e-01
   2.5838702e-01
   2.8488254e-01
   3.1206335e-01
   3.3853313e-01
   3.6222540e-01
   3.9030939e-01
   4.0819415e-01
   4.2710884e-01
   4.4420788e-01
   4.6246282e-01
   4.8266724e-01
   5.0946605e-01
   5.3098301e-01
   5.5741196e-01
   5.8088516e-01
   6.0252056e-01
   6.2283623e-01
   6.4527900e-01
   6.7255543e-01
   6.9522557e-01
   7.1254613e-01
   7.4050398e-01
   7.5771912e-01
   7.8564913e-01
   8.0288990e-01
   8.2990233e-01
   8.5421048e-01
   8.7988563e-01
   9.0304570e-01
   9.1845838e-01
   9.4108324e-01
   9.6241511e-01
   9.8181483e-01
   9.9519155e-01
   1.0059491e+00
   1.0223708e+00
   1.0319541e+00
   1.0422790e+00
   1.0515920e+00
   1.0603985e+00
   1.0665949e+00
   1.0705532e+00
   1.0745683e+00
   1.0765162e+00
   1.0772571e+00
   1.0772282e+00
   1.0771937e+00
   1.0772243e+00
   1.0772016e+00
   1.0772409e+00
   1.0783347e+00
   1.0814618e+00
   1.0866076e+00
   1.0920876e+00
   1.0981794e+00
   1.1047272e+00
   1.1147406e+00
   1.1274012e+00
   1.1379311e+00
   1.1540870e+00
   1.1675084e+00
   1.1829415e+00
   1.2040122e+00
   1.2206704e+00
   1.2466770e+00
   1.2667960e+00
   1.2886185e+00
   1.3140469e+00
   1.3344995e+00
   1.3555890e+00
   1.3773417e+00
   1.3977867e+00
   1.4156592e+00
   1.4319450e+00
   1.4498117e+00
   1.4639115e+00
   1.4777428e+00
   1.4881619e+00
   1.5018525e+00
   1.5196204e+00
   1.5369128e+00
   1.5483514e+00
   1.5608482e+00
   1.5703114e+00
   1.5836252e+00
   1.5961773e+00
   1.6060515e+00
   1.6178108e+00
   1.6269536e+00
   1.6338949e+00
   1.6387059e+00
   1.6434706e+00
   1.6459888e+00
   1.6472381e+00
   1.6472925e+00
   1.6459648e+00
   1.6425686e+00
   1.6385248e+00
   1.6325068e+00
   1.6257618e+00
   1.6079325e+00
   1.5968577e+00
   1.5864629e+00
   1.5703013e+00
   1.5574931e+00
   1.5400332e+00
   1.5228070e+00
   1.4985862e+00
   1.4776362e+00
   1.4527470e+00
   1.4356711e+00
   1.4139779e+00
   1.3884732e+00
   1.3674469e+00
   1.3486546e+00
   1.3217457e+00
   1.3023737e+00
   1.2769424e+00
   1.2531247e+00
   1.2291389e+00
   1.2094706e+00
   1.1912803e+00
   1.1627110e+00
   1.1438013e+00
   1.1213673e+00
   1.0954791e+00
   1.0803545e+00
   1.0601360e+00
   1.0432997e+00
   1.0248908e+00
   1.0159216e+00
   9.9985709e-01
   9.8629125e-01
   9.7730411e-01
   9.6804280e-01
   9.6191200e-01
   9.5349272e-01
   9.4304661e-01
   9.2969718e-01
   9.1751397e-01
   9.0305262e-01
   8.8709812e-01
   8.7236237e-01
   8.5239658e-01
   8.3629157e-01
   8.1164346e-01
   7.8973387e-01
   7.6566841e-01
   7.4320510e-01
   7.2179493e-01
   6.9969770e-01
   6.7672194e-01
   6.5498302e-01
   6.3097996e-01
   6.1103328e-01
   5.8531490e-01
   5.6161059e-01
   5.4196466e-01
   5.2058816e-01
   5.0759183e-01
   4.9132846e-01
   4.7587764e-01
   4.6119702e-01
   4.5218166e-01
   4.4005598e-01
   4.3050726e-01
   4.2276803e-01
   4.1557102e-01
   4.0659722e-01
   3.9899411e-01
   3.9510632e-01
   3.8939600e-01
   3.8347515e-01
   3.7925022e-01
   3.7471185e-01
   3.7054300e-01
   3.6873857e-01
   3.6837524e-01
   3.6805880e-01
   3.6916118e-01
   3.7175009e-01
   3.7641321e-01
   3.8211601e-01
   3.8961475e-01
   3.9606459e-01
   4.0173350e-01
   4.1056430e-01
   4.1747880e-01
   4.2719869e-01
   4.3531552e-01
   4.4428688e-01
   4.5061030e-01
   4.5970613e-01
   4.6820879e-01
   4.7731829e-01
   4.8782052e-01
   4.9701170e-01
   5.0905200e-01
   5.1743386e-01
   5.3071257e-01
   5.4197725e-01
   5.6046850e-01
   5.7661381e-01
   5.9656033e-01
   6.1376249e-01
   6.3172604e-01
   6.4220024e-01
   6.5141366e-01
   6.6062708e-01
   6.7032540e-01
   6.8002372e-01
   6.8972207e-01
   6.9932342e-01
   7.0902174e-01
   7.1872009e-01
   7.2938824e-01
   7.3801975e-01
   7.4762110e-01
   7.5731945e-01
   7.6701777e-01
   7.7661912e-01
   7.8631746e-01
   7.9601578e-01
   8.0561713e-01
   8.1566578e-01
   8.2481508e-01
   8.4463813e-01
   8.6264840e-01
   8.8752036e-01
   9.0825603e-01
   9.3805644e-01
   9.6983115e-01
   9.9703462e-01
   1.0164852e+00
   1.0465797e+00
   1.0739874e+00
   1.1058065e+00
   1.1359104e+00
   1.1693577e+00
   1.1938809e+00
   1.2126770e+00
   1.2354710e+00
   1.2482384e+00
   1.2618857e+00
   1.2730141e+00
   1.2823961e+00
   1.2878301e+00
   1.2954028e+00
   1.3056791e+00
   1.3196403e+00
   1.3294418e+00
   1.3486133e+00
   1.3650108e+00
   1.3863724e+00
   1.4047588e+00
   1.4353559e+00
   1.4586740e+00
   1.4878518e+00
   1.5171492e+00
   1.5433190e+00
   1.5660607e+00
   1.6033273e+00
   1.6325099e+00
   1.6622442e+00
   1.6825112e+00
   1.7079437e+00
   1.7202491e+00
   1.7371910e+00
   1.7514883e+00
   1.7633733e+00
   1.7760600e+00
   1.7928695e+00
   1.8037305e+00
   1.8207177e+00
   1.8417377e+00
   1.8577751e+00
   1.8731150e+00
   1.8905780e+00
   1.9034116e+00
   1.9158043e+00
   1.9251011e+00
   1.9331849e+00
   1.9391219e+00
   1.9465015e+00
   1.9520160e+00
   1.9589826e+00
   1.9642836e+00
   1.9693779e+00
   1.9760599e+00
   1.9817701e+00
   1.9877756e+00
   1.9940334e+00
   2.0002995e+00
   2.0080219e+00
   2.0138247e+00
   2.0191546e+00
   2.0257924e+00
   2.0331619e+00
   2.0377176e+00
   2.0447521e+00
   2.0488650e+00
   2.0508390e+00
   2.0532597e+00
   2.0530044e+00
   2.0505561e+00
   2.0484440e+00
   2.0460806e+00
   2.0434814e+00
   2.0411528e+00
   2.0390323e+00
   2.0361762e+00
   2.0334487e+00
   2.0312921e+00
   2.0289148e+00
   2.0268622e+00
   2.0249261e+00
   2.0220440e+00
   2.0197999e+00
   2.0167218e+00
   2.0139604e+00
   2.0114906e+00
   2.0092249e+00
   2.0061657e+00
   2.0026839e+00
   1.9974571e+00
   1.9927339e+00
   1.9863208e+00
   1.9778335e+00
   1.9652075e+00
   1.9547615e+00
   1.9437361e+00
   1.9326252e+00
   1.9224723e+00
   1.9077159e+00
   1.8983775e+00
   1.8865758e+00
   1.8757633e+00
   1.8659822e+00
   1.8542237e+00
   1.8426199e+00
   1.8303407e+00
   1.8189095e+00
   1.8098348e+00
   1.7985377e+00
   1.7875563e+00
   1.7766726e+00
   1.7633938e+00
   1.7458684e+00
   1.7298084e+00
   1.7098637e+00
   1.6916075e+00
   1.6770877e+00
   1.6570867e+00
   1.6354045e+00
   1.6182597e+00
   1.6013553e+00
   1.5856300e+00
   1.5670293e+00
   1.5467173e+00
   1.5300992e+00
   1.5145143e+00
   1.4947376e+00
   1.4779769e+00
   1.4583588e+00
   1.4378252e+00
   1.4228493e+00
   1.4055527e+00
   1.3886536e+00
   1.3707346e+00
   1.3601069e+00
   1.3456754e+00
   1.3304392e+00
   1.3207590e+00
   1.3106595e+00
   1.3024280e+00
   1.2954072e+00
   1.2895255e+00
   1.2830828e+00
   1.2793022e+00
   1.2762087e+00
   1.2735982e+00
   1.2685944e+00
   1.2610530e+00
   1.2553438e+00
   1.2457496e+00
   1.2364272e+00
   1.2265342e+00
   1.2140134e+00
   1.2028645e+00
   1.1880450e+00
   1.1719114e+00
   1.1562226e+00
   1.1417573e+00
   1.1239385e+00
   1.1037658e+00
   1.0868941e+00
   1.0683246e+00
   1.0521308e+00
   1.0335808e+00
   1.0203207e+00
   9.8166928e-01
   9.6389500e-01
   9.5083270e-01
   9.3469633e-01
   9.2378561e-01
   9.1468701e-01
   9.0343860e-01
   8.9508100e-01
   8.8540162e-01
   8.7939011e-01
   8.7394116e-01
   8.6709883e-01
   8.5627337e-01
   8.4676505e-01
   8.3597747e-01
   8.2339702e-01
   8.1093713e-01
   7.9367889e-01
   7.8054776e-01
   7.6090269e-01
   7.4503781e-01
   7.3200266e-01
   7.1647414e-01
   6.9554018e-01
   6.8289144e-01
   6.6513809e-01
   6.4224741e-01
   6.2173342e-01
   5.9330657e-01
   5.7116907e-01
   5.3940070e-01
   5.1623030e-01
   4.8954936e-01
   4.6276248e-01
   4.3583650e-01
   4.1341087e-01
   3.9182005e-01
   3.6273730e-01
   3.3805361e-01
   3.1262729e-01
   2.8752635e-01
   2.5630685e-01
   2.2772179e-01
   1.9905057e-01
   1.6687080e-01
   1.3505503e-01
   9.7882224e-02
   4.9320950e-02
   1.6295300e-02
  -1.9032435e-02
  -5.6706229e-02
  -9.8390670e-02
  -1.3023420e-01
  -1.6176783e-01
  -1.9056671e-01
  -2.1130941e-01
  -2.3270576e-01
  -2.5357968e-01
  -2.7487042e-01
  -2.8795528e-01
  -2.9958366e-01
  -3.1027893e-01
  -3.2488036e-01
  -3.4194728e-01
  -3.5710114e-01
  -3.8715716e-01
  -4.1329198e-01
  -4.3770750e-01
  -4.5877523e-01
  -5.0564289e-01
  -5.3560928e-01
  -5.6980716e-01
  -6.0650699e-01
  -6.3110618e-01
  -6.6400771e-01
  -6.8907671e-01
  -7.2826653e-01
  -7.6427110e-01
  -7.9795426e-01
  -8.3298102e-01
  -8.6843890e-01
  -9.1645339e-01
  -9.4758502e-01
  -9.7791239e-01
  -1.0082520e+00
  -1.0381228e+00
  -1.0623363e+00
  -1.0813979e+00
  -1.1006121e+00
  -1.1177308e+00
  -1.1326306e+00
  -1.1431200e+00
  -1.1536256e+00
  -1.1571405e+00
  -1.1649985e+00
  -1.1684477e+00
  -1.1705904e+00
  -1.1729766e+00
  -1.1725603e+00
  -1.1718490e+00
  -1.1724393e+00
  -1.1744937e+00
  -1.1759098e+00
  -1.1763730e+00
  -1.1765287e+00
  -1.1761327e+00
  -1.1756902e+00
  -1.1753730e+00
  -1.1751787e+00
  -1.1745622e+00
  -1.1740714e+00
  -1.1730443e+00
  -1.1721325e+00
  -1.1713516e+00
  -1.1699600e+00
  -1.1686232e+00
  -1.1675850e+00
  -1.1657231e+00
  -1.1637698e+00
  -1.1621935e+00
  -1.1610758e+00
  -1.1601249e+00
  -1.1585217e+00
  -1.1571313e+00
  -1.1563935e+00
  -1.1578440e+00
  -1.1587848e+00
  -1.1620666e+00
  -1.1673821e+00
  -1.1734633e+00
  -1.1802506e+00
  -1.1869505e+00
  -1.1952215e+00
  -1.1998169e+00
  -1.2081256e+00
  -1.2142780e+00
  -1.2221462e+00
  -1.2282194e+00
  -1.2371034e+00
  -1.2435076e+00
  -1.2500700e+00
  -1.2572032e+00
  -1.2654333e+00
  -1.2754676e+00
  -1.2860645e+00
  -1.2999080e+00
  -1.3117232e+00
  -1.3240217e+00
  -1.3366364e+00
  -1.3560628e+00
  -1.3693609e+00
  -1.3843162e+00
  -1.3950723e+00
  -1.4048733e+00
  -1.4127986e+00
  -1.4202094e+00
  -1.4254402e+00
  -1.4296854e+00
  -1.4338729e+00
  -1.4382807e+00
  -1.4431436e+00
  -1.4481817e+00
  -1.4513236e+00
  -1.4540019e+00
  -1.4586839e+00
  -1.4610886e+00
  -1.4663367e+00
  -1.4682634e+00
  -1.4702056e+00
  -1.4745005e+00
  -1.4789618e+00
  -1.4829028e+00
  -1.4867464e+00
  -1.4905995e+00
  -1.4924761e+00
  -1.4924922e+00
  -1.4911226e+00
  -1.4888869e+00
  -1.4852703e+00
  -1.4829751e+00
  -1.4809642e+00
  -1.4773550e+00
  -1.4743889e+00
  -1.4717033e+00
  -1.4669514e+00
  -1.4613470e+00
  -1.4534699e+00
  -1.4437215e+00
  -1.4353670e+00
  -1.4250060e+00
  -1.4132119e+00
  -1.4001274e+00
  -1.3845249e+00
  -1.3719715e+00
  -1.3543022e+00
  -1.3370595e+00
  -1.3205795e+00
  -1.3008439e+00
  -1.2794670e+00
  -1.2637072e+00
  -1.2382970e+00
  -1.2105099e+00
  -1.1841943e+00
  -1.1654491e+00
  -1.1420383e+00
  -1.0989563e+00
  -1.0736259e+00
  -1.0397637e+00
  -9.9987015e-01
  -9.6061540e-01
  -9.2606654e-01
  -8.9739671e-01
  -8.6240711e-01
  -8.2707891e-01
  -7.9101196e-01
  -7.6129900e-01
  -7.1996312e-01
  -6.8702729e-01
  -6.5424996e-01
  -6.2414457e-01
  -5.9028429e-01
  -5.5928453e-01
  -5.3766376e-01
  -5.1753429e-01
  -4.9475756e-01
  -4.7326081e-01
  -4.4653306e-01
  -4.1816651e-01
  -3.9613191e-01
  -3.6762715e-01
  -3.4054171e-01
  -3.1773531e-01
  -2.9106401e-01
  -2.6264296e-01
  -2.3929416e-01
  -2.1424481e-01
  -1.9533441e-01
  -1.8064979e-01
  -1.6632815e-01
  -1.5107523e-01
  -1.3765274e-01
  -1.2430137e-01
  -1.0800736e-01
  -9.3984672e-02
  -7.8886000e-02
  -6.3459124e-02
  -4.8735000e-02
  -3.1344255e-02
  -1.9388170e-02
  -5.8810652e-03
   5.0704416e-03
   1.5855791e-02
   2.3887286e-02
   3.0354893e-02
   3.5265025e-02
   3.9110237e-02
   4.1454500e-02
   4.1855480e-02
   4.0922051e-02
   3.8073586e-02
   3.6544980e-02
   3.4165471e-02
   3.1543499e-02
   2.8970509e-02
   2.5886248e-02
   2.4008831e-02
   2.1067589e-02
   1.8214427e-02
   1.3478703e-02
   7.1232437e-03
  -4.5534687e-03
  -1.4848600e-02
  -2.5220220e-02
  -4.0535888e-02
  -4.7816867e-02
  -5.9542731e-02
  -7.1079158e-02
  -8.2742962e-02
  -9.3710141e-02
  -1.0452667e-01
  -1.1897245e-01
  -1.2924660e-01
  -1.4157354e-01
  -1.5748588e-01
  -1.7620331e-01
  -1.9106584e-01
  -2.1508663e-01
  -2.3005424e-01
  -2.4951501e-01
  -2.6984673e-01
  -2.8880044e-01
  -3.1367426e-01
  -3.3332218e-01
  -3.5506021e-01
  -3.7454480e-01
  -3.9238406e-01
  -4.1552888e-01
  -4.3337743e-01
  -4.5356350e-01
  -4.8078958e-01
  -5.1433444e-01
  -5.3415158e-01
  -5.5778140e-01
  -5.7102696e-01
  -5.9215470e-01
  -6.0441966e-01
  -6.2014481e-01
  -6.3502148e-01
  -6.4591372e-01
  -6.6080996e-01
  -6.6834307e-01
  -6.7531568e-01
  -6.8447105e-01
  -6.8993095e-01
  -6.9409930e-01
  -6.9986019e-01
  -7.0328250e-01
  -7.0911437e-01
  -7.1568242e-01
  -7.2281821e-01
  -7.3227605e-01
  -7.4047898e-01
  -7.5123489e-01
  -7.6572704e-01
  -7.8066865e-01
  -7.9288920e-01
  -8.0332743e-01
  -8.1424572e-01
  -8.2215751e-01
  -8.3150238e-01
  -8.3885512e-01
  -8.4375537e-01
  -8.4869099e-01
  -8.5117457e-01
  -8.5127323e-01
  -8.5332110e-01
  -8.5314598e-01
  -8.4993180e-01
  -8.4530578e-01
  -8.3947061e-01
  -8.3393950e-01
  -8.2780283e-01
  -8.1772779e-01
  -8.0932378e-01
  -8.0127432e-01
  -7.9191077e-01
  -7.8657489e-01
  -7.7878594e-01
  -7.7478550e-01
  -7.7040991e-01
  -7.6671106e-01
  -7.6331432e-01
  -7.6138701e-01
  -7.5943111e-01
  -7.5766400e-01
  -7.5642577e-01
  -7.5485470e-01
  -7.5133092e-01
  -7.4772667e-01
  -7.4188636e-01
  -7.3406945e-01
  -7.2656493e-01
  -7.1610789e-01
  -7.0186270e-01
  -6.8519937e-01
  -6.6897404e-01
  -6.4428437e-01
  -6.2497945e-01
  -5.9865489e-01
  -5.6272972e-01
  -5.3344108e-01
  -5.0596842e-01
  -4.7047537e-01
  -4.4163499e-01
  -4.1269780e-01
  -3.7746217e-01
  -3.4566032e-01
  -3.2042109e-01
  -2.9031292e-01
  -2.6322939e-01
  -2.4105760e-01
  -2.1695278e-01
  -1.9890468e-01
  -1.8222992e-01
  -1.7394830e-01
  -1.6274819e-01
  -1.5726154e-01
  -1.5221543e-01
  -1.5015346e-01
  -1.4980170e-01
  -1.4948045e-01
  -1.4887912e-01
  -1.4793904e-01
  -1.4464900e-01
  -1.3847522e-01
  -1.2963069e-01
  -1.1795493e-01
  -1.0290557e-01
  -8.5854707e-02
  -6.9839858e-02
  -4.4795973e-02
  -1.9556647e-02
   5.8793879e-03
   3.6274600e-02
   7.3814901e-02
   1.1439480e-01
   1.4308490e-01
   1.8374914e-01
   2.1666491e-01
   2.4847530e-01
   2.8644398e-01
   3.1522278e-01
   3.5253113e-01
   3.8703769e-01
   4.2088024e-01
   4.5832630e-01
   4.9249594e-01
   5.1645523e-01
   5.4324352e-01
   5.6731654e-01
   5.9355531e-01
   6.0929698e-01
   6.2414630e-01
   6.3960910e-01
   6.5045149e-01
   6.5798169e-01
   6.6627851e-01
   6.7645497e-01
   6.8765409e-01
   7.0370289e-01
   7.1835417e-01
   7.3209097e-01
   7.5080830e-01
   7.7150446e-01
   7.8852369e-01
   8.1099141e-01
   8.2702340e-01
   8.4217411e-01
   8.5450833e-01
   8.6677838e-01
   8.8126580e-01
   8.8888235e-01
   8.9712783e-01
   9.0456052e-01
   9.1204799e-01
   9.1756280e-01
   9.2141412e-01
   9.2411744e-01
   9.2592318e-01
   9.2684351e-01
   9.2708728e-01
   9.2534649e-01
   9.2284205e-01
   9.2025885e-01
   9.1683470e-01
   9.1304050e-01
   9.1007642e-01
   9.0602335e-01
   9.0197027e-01
   8.9810142e-01
   8.9420265e-01
   8.9043305e-01
   8.8601878e-01
   8.8233589e-01
   8.7715938e-01
   8.7330317e-01
   8.6909000e-01
   8.6452263e-01
   8.6103337e-01
   8.5611685e-01
   8.5226436e-01
   8.4892396e-01
   8.4575002e-01
   8.4287480e-01
   8.3960990e-01
   8.3700225e-01
   8.3398298e-01
   8.3227043e-01
   8.3046219e-01
   8.2864642e-01
   8.2689852e-01
   8.2576365e-01
   8.2453659e-01
   8.2160121e-01
   8.1959959e-01
   8.1680271e-01
   8.1391160e-01
   8.1058252e-01
   8.0741792e-01
   8.0368396e-01
   7.9955754e-01
   7.9586206e-01
   7.9160652e-01
   7.8730192e-01
   7.8281094e-01
   7.7770733e-01
   7.7428247e-01
   7.7110617e-01
   7.6686508e-01
   7.6297936e-01
   7.5777344e-01
   7.5417800e-01
   7.5015266e-01
   7.4770673e-01
   7.4402990e-01
   7.4137778e-01
   7.3848565e-01
   7.3552940e-01
   7.3347667e-01
   7.3151477e-01
   7.2949976e-01
   7.2814810e-01
   7.2718066e-01
   7.2581804e-01
   7.2490583e-01
   7.2367010e-01
   7.2165704e-01
   7.1960429e-01
   7.1736570e-01
   7.1507523e-01
   7.1307555e-01
   7.1022599e-01
   7.0610049e-01
   7.0316500e-01
   6.9974427e-01
   6.9609366e-01
   6.9127885e-01
   6.8840350e-01
   6.8484366e-01
   6.8071829e-01
   6.7694174e-01
   6.7311445e-01
   6.6872840e-01
   6.6495546e-01
   6.6164510e-01
   6.5779285e-01
   6.5414480e-01
   6.5123360e-01
   6.4884049e-01
   6.4777475e-01
   6.4802676e-01
   6.4974428e-01
   6.5295907e-01
   6.5695675e-01
   6.6088556e-01
   6.6916685e-01
   6.7664622e-01
   6.8612949e-01
   6.9437260e-01
   7.0793096e-01
   7.2227620e-01
   7.3852369e-01
   7.5259455e-01
   7.7082586e-01
   7.7990709e-01
   7.9952765e-01
   8.1607224e-01
   8.2784402e-01
   8.4189890e-01
   8.5902208e-01
   8.7375992e-01
   8.9043351e-01
   9.0821380e-01
   9.3156853e-01
   9.5494511e-01
   9.7916510e-01
   1.0008162e+00
   1.0262583e+00
   1.0497253e+00
   1.0730358e+00
   1.0962428e+00
   1.1246264e+00
   1.1470461e+00
   1.1679884e+00
   1.1972781e+00
   1.2174556e+00
   1.2412846e+00
   1.2636992e+00
   1.2844511e+00
   1.2973766e+00
   1.3143218e+00
   1.3305861e+00
   1.3463429e+00
   1.3582969e+00
   1.3670846e+00
   1.3834923e+00
   1.3979192e+00
   1.4137217e+00
   1.4295389e+00
   1.4409183e+00
   1.4525778e+00
   1.4617352e+00
   1.4701480e+00
   1.4773011e+00
   1.4813485e+00
   1.4834423e+00
   1.4847312e+00
   1.4847406e+00
   1.4844816e+00
   1.4832140e+00
   1.4819262e+00
   1.4794842e+00
   1.4752559e+00
   1.4711292e+00
   1.4651474e+00
   1.4577784e+00
   1.4507830e+00
   1.4409542e+00
   1.4318866e+00
   1.4225113e+00
   1.4106422e+00
   1.3965812e+00
   1.3840620e+00
   1.3694350e+00
   1.3551367e+00
   1.3399158e+00
   1.3263812e+00
   1.3124746e+00
   1.2978114e+00
   1.2814568e+00
   1.2631566e+00
   1.2470457e+00
   1.2191269e+00
   1.1970889e+00
   1.1744665e+00
   1.1496217e+00
   1.1226072e+00
   1.0998396e+00
   1.0764806e+00
   1.0519944e+00
   1.0225668e+00
   9.9282677e-01
   9.5882129e-01
   9.3183314e-01
   9.0150975e-01
   8.6856221e-01
   8.3308079e-01
   8.0873474e-01
   7.7876168e-01
   7.5244898e-01
   7.3233945e-01
   7.0717458e-01
   6.8531129e-01
   6.6965953e-01
   6.4864319e-01
   6.2672889e-01
   6.0191900e-01
   5.7799937e-01
   5.4369727e-01
   5.1853553e-01
   4.8858348e-01
   4.4738691e-01
   4.1766774e-01
   3.9298945e-01
   3.7008245e-01
   3.5018548e-01
